pwmcount, residuebefore, residueafter,diff,scaling
5,1825,1687,-138,-0.37053
5,1729,1755,26,0.06981
5,1797,1977,180,0.4833
5,2021,1948,-73,-0.196005
5,1989,1589,-400,-1.074
5,1631,1865,234,0.62829
5,1905,1567,-338,-0.90753
5,1607,1739,132,0.35442
5,1779,1807,28,0.07518
5,1848,2250,402,1.07937
5,2292,2226,-66,-0.17721
5,2271,2140,-131,-0.351735
5,2183,1787,-396,-1.06326
5,1830,1901,71,0.190635
5,1948,1703,-245,-0.657825
5,1745,1669,-76,-0.20406
5,1710,1685,-25,-0.067125
5,1727,1707,-20,-0.0537
5,1747,2098,351,0.942435
5,2143,1960,-183,-0.491355
5,2001,2240,239,0.641715
5,2284,1849,-435,-1.167975
5,1889,1823,-66,-0.17721
5,1865,1903,38,0.10203
5,1952,2078,126,0.33831
5,2121,2102,-19,-0.051015
5,2143,2011,-132,-0.35442
5,2054,1815,-239,-0.641715
5,1858,2003,145,0.389325
5,2047,1557,-490,-1.31565
5,1599,1839,240,0.6444
5,1879,2217,338,0.90753
5,2261,2186,-75,-0.201375
5,2231,2296,65,0.174525
5,2339,2366,27,0.072495
5,2408,2335,-73,-0.196005
5,2379,1883,-496,-1.33176
5,1928,2164,236,0.63366
5,2207,2392,185,0.496725
5,2431,2202,-229,-0.614865
5,2244,1647,-597,-1.602945
5,1690,1875,185,0.496725
5,1917,2152,235,0.630975
5,2195,2170,-25,-0.067125
5,2214,1931,-283,-0.759855
5,1972,2162,190,0.51015
5,2206,1923,-283,-0.759855
5,1966,1935,-31,-0.083235
5,1977,1797,-180,-0.4833
5,1840,1931,91,0.244335
5,1973,1529,-444,-1.19214
5,1571,2014,443,1.189455
5,2055,2084,29,0.077865
5,2127,1901,-226,-0.60681
5,1946,1717,-229,-0.614865
5,1760,2110,350,0.93975
5,2153,1551,-602,-1.61637
5,1591,2031,440,1.1814
5,2074,1839,-235,-0.630975
5,1880,1545,-335,-0.899475
5,1588,1763,175,0.469875
5,1804,1671,-133,-0.357105
5,1715,2162,447,1.200195
5,2206,2182,-24,-0.06444
5,2227,2299,72,0.19332
5,2343,2004,-339,-0.910215
5,2047,1707,-340,-0.9129
5,1747,1827,80,0.2148
5,1869,1791,-78,-0.20943
5,1831,1659,-172,-0.46182
5,1701,1879,178,0.47793
5,1922,1535,-387,-1.039095
5,1578,1759,181,0.485985
5,1801,1783,-18,-0.04833
5,1823,1747,-76,-0.20406
5,1789,1823,34,0.09129
5,1863,2201,338,0.90753
5,2245,1793,-452,-1.21362
5,1834,1807,-27,-0.072495
5,1850,2140,290,0.77865
5,2185,1802,-383,-1.028355
5,1843,2133,290,0.77865
5,2175,1831,-344,-0.92364
5,1874,1969,95,0.255075
5,2010,2398,388,1.04178
5,2441,1950,-491,-1.318335
5,1991,1909,-82,-0.22017
5,1954,1675,-279,-0.749115
5,1717,1481,-236,-0.63366
5,1523,1859,336,0.90216
5,1902,1679,-223,-0.598755
5,1719,1964,245,0.657825
5,2005,1454,-551,-1.479435
5,1495,1527,32,0.08592
5,1569,1603,34,0.09129
5,1645,1459,-186,-0.49941
5,1499,2256,757,2.032545
5,2299,2012,-287,-0.770595
5,2054,1759,-295,-0.792075
5,1801,1996,195,0.523575
5,2038,1555,-483,-1.296855
5,1596,1679,83,0.222855
5,1723,1703,-20,-0.0537
5,1743,1815,72,0.19332
5,1856,1667,-189,-0.507465
5,1708,1953,245,0.657825
5,1996,1711,-285,-0.765225
5,1754,2097,343,0.920955
5,2142,1581,-561,-1.506285
5,1620,1650,30,0.08055
5,1691,1761,70,0.18795
5,1803,1671,-132,-0.35442
5,1714,1847,133,0.357105
5,1890,1599,-291,-0.781335
5,1643,2136,493,1.323705
5,2175,1671,-504,-1.35324
5,1715,1845,130,0.34905
5,1887,1974,87,0.233595
5,2017,1950,-67,-0.179895
5,1991,2237,246,0.66051
5,2279,1885,-394,-1.05789
5,1928,1798,-130,-0.34905
5,1840,2346,506,1.35861
5,2387,2104,-283,-0.759855
5,2146,2326,180,0.4833
5,2367,2036,-331,-0.888735
5,2078,2098,20,0.0537
5,2143,1639,-504,-1.35324
5,1681,1907,226,0.60681
5,1954,1881,-73,-0.196005
5,1928,2218,290,0.77865
5,2261,2342,81,0.217485
5,2383,1567,-816,-2.19096
5,1610,1847,237,0.636345
5,1888,1966,78,0.20943
5,2008,1819,-189,-0.507465
5,1861,1519,-342,-0.91827
5,1563,1803,240,0.6444
5,1843,1819,-24,-0.06444
5,1860,2352,492,1.32102
5,2396,1855,-541,-1.452585
5,1895,1821,-74,-0.19869
5,1861,1779,-82,-0.22017
5,1821,1858,37,0.099345
5,1899,1988,89,0.238965
5,2031,2108,77,0.206745
5,2151,1607,-544,-1.46064
5,1651,2256,605,1.624425
5,2299,2117,-182,-0.48867
5,2161,1611,-550,-1.47675
5,1652,1893,241,0.647085
5,1936,2279,343,0.920955
5,2322,2189,-133,-0.357105
5,2235,1579,-656,-1.76136
5,1620,1755,135,0.362475
5,1797,1823,26,0.06981
5,1864,1693,-171,-0.459135
5,1734,1817,83,0.222855
5,1857,1675,-182,-0.48867
5,1719,1855,136,0.36516
5,1895,2030,135,0.362475
5,2073,1943,-130,-0.34905
5,1984,1751,-233,-0.625605
5,1792,2188,396,1.06326
5,2233,2001,-232,-0.62292
5,2044,2010,-34,-0.09129
5,2052,2240,188,0.50478
5,2282,1835,-447,-1.200195
5,1873,1757,-116,-0.31146
5,1797,1717,-80,-0.2148
5,1759,2047,288,0.77328
5,2091,2011,-80,-0.2148
5,2054,2081,27,0.072495
5,2124,1787,-337,-0.904845
5,1828,1659,-169,-0.453765
5,1699,1839,140,0.3759
5,1881,2069,188,0.50478
5,2111,1879,-232,-0.62292
5,1921,1960,39,0.104715
5,2000,1871,-129,-0.346365
5,1913,1695,-218,-0.58533
5,1737,1503,-234,-0.62829
5,1546,1895,349,0.937065
5,1944,1917,-27,-0.072495
5,1960,2293,333,0.894105
5,2335,2052,-283,-0.759855
5,2095,1751,-344,-0.92364
5,1793,2237,444,1.19214
5,2279,1841,-438,-1.17603
5,1883,2128,245,0.657825
5,2172,2097,-75,-0.201375
5,2140,1691,-449,-1.205565
5,1731,2078,347,0.931695
5,2121,2047,-74,-0.19869
5,2091,1499,-592,-1.58952
5,1543,1719,176,0.47256
5,1761,2260,499,1.339815
5,2302,1960,-342,-0.91827
5,2003,1455,-548,-1.47138
5,1499,1687,188,0.50478
5,1728,2018,290,0.77865
5,2060,1667,-393,-1.055205
5,1711,1945,234,0.62829
5,1989,1757,-232,-0.62292
5,1796,2096,300,0.8055
5,2139,1539,-600,-1.611
5,1581,1663,82,0.22017
5,1705,1934,229,0.614865
5,1976,2267,291,0.781335
5,2309,1771,-538,-1.44453
5,1813,1641,-172,-0.46182
5,1681,1972,291,0.781335
5,2013,2032,19,0.051015
5,2075,1639,-436,-1.17066
5,1681,1711,30,0.08055
5,1753,1847,94,0.25239
5,1887,2070,183,0.491355
5,2114,2033,-81,-0.217485
5,2076,1735,-341,-0.915585
5,1777,1499,-278,-0.74643
5,1541,2302,761,2.043285
5,2344,1690,-654,-1.75599
5,1732,1978,246,0.66051
5,2021,1573,-448,-1.20288
5,1616,1599,-17,-0.045645
5,1641,2036,395,1.060575
5,2079,2059,-20,-0.0537
5,2102,1513,-589,-1.581465
5,1554,1846,292,0.78402
5,1887,1454,-433,-1.162605
5,1496,2052,556,1.49286
5,2095,1807,-288,-0.77328
5,1849,1827,-22,-0.05907
5,1868,2165,297,0.797445
5,2207,2190,-17,-0.045645
5,2234,1531,-703,-1.887555
5,1573,1767,194,0.52089
5,1807,1471,-336,-0.90216
5,1517,1859,342,0.91827
5,1903,2039,136,0.36516
5,2079,1789,-290,-0.77865
5,1828,2187,359,0.963915
5,2231,1586,-645,-1.731825
5,1627,1773,146,0.39201
5,1813,1541,-272,-0.73032
5,1584,2085,501,1.345185
5,2130,2101,-29,-0.077865
5,2143,2375,232,0.62292
5,2417,2247,-170,-0.45645
5,2289,2225,-64,-0.17184
5,2268,1932,-336,-0.90216
5,1974,1854,-120,-0.3222
5,1896,2136,240,0.6444
5,2181,2159,-22,-0.05907
5,2201,1503,-698,-1.87413
5,1549,1895,346,0.92901
5,1940,2028,88,0.23628
5,2071,1791,-280,-0.7518
5,1836,1767,-69,-0.185265
5,1811,2223,412,1.10622
5,2265,1463,-802,-2.15337
5,1504,1851,347,0.931695
5,1895,1827,-68,-0.18258
5,1868,2008,140,0.3759
5,2047,1979,-68,-0.18258
5,2020,2260,240,0.6444
5,2303,2032,-271,-0.727635
5,2075,2116,41,0.110085
5,2159,1775,-384,-1.03104
5,1816,2165,349,0.937065
5,2210,1927,-283,-0.759855
5,1968,1951,-17,-0.045645
5,1994,1667,-327,-0.877995
5,1710,1951,241,0.647085
5,1994,1874,-120,-0.3222
5,1915,2207,292,0.78402
5,2249,1861,-388,-1.04178
5,1903,1947,44,0.11814
5,1988,1607,-381,-1.022985
5,1648,1525,-123,-0.330255
5,1567,1769,202,0.54237
5,1810,1742,-68,-0.18258
5,1783,2081,298,0.80013
5,2125,2053,-72,-0.19332
5,2095,2184,89,0.238965
5,2228,1747,-481,-1.291485
5,1789,1983,194,0.52089
5,2025,2167,142,0.38127
5,2211,1819,-392,-1.05252
5,1860,1849,-11,-0.029535
5,1891,2296,405,1.087425
5,2339,1799,-540,-1.4499
5,1843,1625,-218,-0.58533
5,1667,2017,350,0.93975
5,2059,1465,-594,-1.59489
5,1506,2021,515,1.382775
5,2063,2147,84,0.22554
5,2191,1954,-237,-0.636345
5,1996,1827,-169,-0.453765
5,1871,2125,254,0.68199
5,2168,2252,84,0.22554
5,2295,2168,-127,-0.340995
5,2213,1519,-694,-1.86339
5,1561,2276,715,1.919775
5,2319,1839,-480,-1.2888
5,1880,2175,295,0.792075
5,2218,1567,-651,-1.747935
5,1611,1500,-111,-0.298035
5,1543,2166,623,1.672755
5,2207,1819,-388,-1.04178
5,1860,1998,138,0.37053
5,2041,2082,41,0.110085
5,2127,1956,-171,-0.459135
5,1996,1822,-174,-0.46719
5,1863,2106,243,0.652455
5,2147,2081,-66,-0.17721
5,2125,1587,-538,-1.44453
5,1628,1771,143,0.383955
5,1811,2216,405,1.087425
5,2262,1663,-599,-1.608315
5,1704,2209,505,1.355925
5,2254,2179,-75,-0.201375
5,2222,2352,130,0.34905
5,2395,2271,-124,-0.33294
5,2315,2028,-287,-0.770595
5,2070,2110,40,0.1074
5,2152,1775,-377,-1.012245
5,1816,1687,-129,-0.346365
5,1729,1615,-114,-0.30609
5,1659,1701,42,0.11277
5,1741,1737,-4,-0.01074
5,1779,2075,296,0.79476
5,2119,1623,-496,-1.33176
5,1665,2332,667,1.790895
5,2375,1781,-594,-1.59489
5,1822,1655,-167,-0.448395
5,1697,1675,-22,-0.05907
5,1716,2327,611,1.640535
5,2371,1877,-494,-1.32639
5,1919,2215,296,0.79476
5,2259,1719,-540,-1.4499
5,1763,1956,193,0.518205
5,1998,1923,-75,-0.201375
5,1968,1940,-28,-0.07518
5,1983,2122,139,0.373215
5,2165,1471,-694,-1.86339
5,1512,2028,516,1.38546
5,2070,2159,89,0.238965
5,2203,1503,-700,-1.8795
5,1547,1735,188,0.50478
5,1778,1911,133,0.357105
5,1956,1781,-175,-0.469875
5,1821,2222,401,1.076685
5,2265,1823,-442,-1.18677
5,1867,1895,28,0.07518
5,1942,2083,141,0.378585
5,2127,1795,-332,-0.89142
5,1837,1607,-230,-0.61755
5,1648,1745,97,0.260445
5,1789,1667,-122,-0.32757
5,1711,1683,-28,-0.07518
5,1727,2024,297,0.797445
5,2067,1783,-284,-0.76254
5,1825,1753,-72,-0.19332
5,1795,1933,138,0.37053
5,1975,1962,-13,-0.034905
5,2004,1781,-223,-0.598755
5,1822,1859,37,0.099345
5,1900,2356,456,1.22436
5,2398,1855,-543,-1.457955
5,1898,1978,80,0.2148
5,2021,2115,94,0.25239
5,2159,1571,-588,-1.57878
5,1611,1499,-112,-0.30072
5,1541,1893,352,0.94512
5,1940,1503,-437,-1.173345
5,1545,1951,406,1.09011
5,1995,2298,303,0.813555
5,2339,2062,-277,-0.743745
5,2106,2401,295,0.792075
5,2445,1543,-902,-2.42187
5,1587,1833,246,0.66051
5,1875,1903,28,0.07518
5,1952,1726,-226,-0.60681
5,1767,1487,-280,-0.7518
5,1531,1871,340,0.9129
5,1915,1949,34,0.09129
5,1990,2032,42,0.11277
5,2075,2112,37,0.099345
5,2159,1669,-490,-1.31565
5,1711,1957,246,0.66051
5,1998,1767,-231,-0.620235
5,1807,1639,-168,-0.45108
5,1681,1559,-122,-0.32757
5,1601,1805,204,0.54774
5,1849,2095,246,0.66051
5,2139,2064,-75,-0.201375
5,2109,1775,-334,-0.89679
5,1817,1643,-174,-0.46719
5,1686,1667,-19,-0.051015
5,1709,2372,663,1.780155
5,2415,1653,-762,-2.04597
5,1694,1885,191,0.512835
5,1930,1903,-27,-0.072495
5,1948,1830,-118,-0.31683
5,1874,1805,-69,-0.185265
5,1845,1994,149,0.400065
5,2037,2068,31,0.083235
5,2111,2140,29,0.077865
5,2183,2008,-175,-0.469875
5,2047,1779,-268,-0.71958
5,1821,2123,302,0.81087
5,2167,1737,-430,-1.15455
5,1777,1967,190,0.51015
5,2008,2310,302,0.81087
5,2353,1499,-854,-2.29299
5,1541,2100,559,1.500915
5,2143,1599,-544,-1.46064
5,1645,1990,345,0.926325
5,2031,1711,-320,-0.8592
5,1751,2303,552,1.48212
5,2344,2074,-270,-0.72495
5,2117,1525,-592,-1.58952
5,1566,1703,137,0.367845
5,1743,1885,142,0.38127
5,1932,1763,-169,-0.453765
5,1803,1891,88,0.23628
5,1936,1922,-14,-0.03759
5,1965,1891,-74,-0.19869
5,1936,2126,190,0.51015
5,2170,2149,-21,-0.056385
5,2193,2121,-72,-0.19332
5,2165,2148,-17,-0.045645
5,2191,1965,-226,-0.60681
5,2007,1998,-9,-0.024165
5,2041,1871,-170,-0.45645
5,1915,2112,197,0.528945
5,2156,2151,-5,-0.013425
5,2194,1855,-339,-0.910215
5,1901,1887,-14,-0.03759
5,1932,1543,-389,-1.044465
5,1583,1923,340,0.9129
5,1968,2045,77,0.206745
5,2088,1867,-221,-0.593385
5,1910,2156,246,0.66051
5,2200,1759,-441,-1.184085
5,1802,1735,-67,-0.179895
5,1775,2276,501,1.345185
5,2319,1670,-649,-1.742565
5,1712,1755,43,0.115455
5,1796,2051,255,0.684675
5,2094,1819,-275,-0.738375
5,1859,1903,44,0.11814
5,1948,2088,140,0.3759
5,2133,2009,-124,-0.33294
5,2047,2249,202,0.54237
5,2291,1897,-394,-1.05789
5,1944,1976,32,0.08592
5,2016,1737,-279,-0.749115
5,1779,1503,-276,-0.74106
5,1546,1739,193,0.518205
5,1779,2235,456,1.22436
5,2278,1685,-593,-1.592205
5,1726,2022,296,0.79476
5,2063,1996,-67,-0.179895
5,2038,1699,-339,-0.910215
5,1741,2001,260,0.6981
5,2045,1980,-65,-0.174525
5,2022,1950,-72,-0.19332
5,1991,2025,34,0.09129
5,2068,1639,-429,-1.151865
5,1682,1984,302,0.81087
5,2024,2107,83,0.222855
5,2150,2235,85,0.228225
5,2279,1687,-592,-1.58952
5,1728,2333,605,1.624425
5,2375,2150,-225,-0.604125
5,2194,2128,-66,-0.17721
5,2172,2146,-26,-0.06981
5,2190,1750,-440,-1.1814
5,1792,1675,-117,-0.314145
5,1714,1957,243,0.652455
5,1998,1723,-275,-0.738375
5,1764,2265,501,1.345185
5,2303,1511,-792,-2.12652
5,1552,1799,247,0.663195
5,1843,1871,28,0.07518
5,1913,1485,-428,-1.14918
5,1526,1675,149,0.400065
5,1715,2175,460,1.2351
5,2217,2039,-178,-0.47793
5,2081,2063,-18,-0.04833
5,2103,2236,133,0.357105
5,2279,2160,-119,-0.319515
5,2203,1559,-644,-1.72914
5,1603,1495,-108,-0.28998
5,1537,1887,350,0.93975
5,1936,1807,-129,-0.346365
5,1847,2255,408,1.09548
5,2299,2274,-25,-0.067125
5,2318,1986,-332,-0.89142
5,2028,2116,88,0.23628
5,2159,1631,-528,-1.41768
5,1674,1663,-11,-0.029535
5,1705,1845,140,0.3759
5,1887,1827,-60,-0.1611
5,1868,2160,292,0.78402
5,2203,1973,-230,-0.61755
5,2014,1955,-59,-0.158415
5,1999,1514,-485,-1.302225
5,1555,1647,92,0.24702
5,1691,2144,453,1.216305
5,2189,1641,-548,-1.47138
5,1683,2243,560,1.5036
5,2287,2374,87,0.233595
5,2418,1875,-543,-1.457955
5,1917,2065,148,0.39738
5,2108,1671,-437,-1.173345
5,1712,1499,-213,-0.571905
5,1541,1727,186,0.49941
5,1769,1755,-14,-0.03759
5,1795,1885,90,0.24165
5,1930,2017,87,0.233595
5,2059,1479,-580,-1.5573
5,1521,1455,-66,-0.17721
5,1498,2168,670,1.79895
5,2207,2143,-64,-0.17184
5,2186,1743,-443,-1.189455
5,1784,1671,-113,-0.303405
5,1713,1853,140,0.3759
5,1895,1934,39,0.104715
5,1975,1743,-232,-0.62292
5,1787,1619,-168,-0.45108
5,1660,1859,199,0.534315
5,1901,1470,-431,-1.157235
5,1513,1799,286,0.76791
5,1839,1774,-65,-0.174525
5,1815,2063,248,0.66588
5,2107,1983,-124,-0.33294
5,2022,1745,-277,-0.743745
5,1788,1819,31,0.083235
5,1861,2319,458,1.22973
5,2361,2188,-173,-0.464505
5,2232,1791,-441,-1.184085
5,1833,1675,-158,-0.42423
5,1716,1854,138,0.37053
5,1893,1827,-66,-0.17721
5,1868,2121,253,0.679305
5,2164,1992,-172,-0.46182
5,2033,2230,197,0.528945
5,2271,1988,-283,-0.759855
5,2030,2168,138,0.37053
5,2211,2090,-121,-0.324885
5,2131,2019,-112,-0.30072
5,2063,1993,-70,-0.18795
5,2035,1803,-232,-0.62292
5,1845,1827,-18,-0.04833
5,1869,1708,-161,-0.432285
5,1748,1989,241,0.647085
5,2030,2178,148,0.39738
5,2220,2099,-121,-0.324885
5,2143,1711,-432,-1.15992
5,1751,1483,-268,-0.71958
5,1527,1577,50,0.13425
5,1619,1599,-20,-0.0537
5,1641,2102,461,1.237785
5,2143,2123,-20,-0.0537
5,2167,1942,-225,-0.604125
5,1983,2232,249,0.668565
5,2275,1526,-749,-2.011065
5,1569,1715,146,0.39201
5,1757,1705,-52,-0.13962
5,1745,2206,461,1.237785
5,2249,2082,-167,-0.448395
5,2125,1957,-168,-0.45108
5,1998,1670,-328,-0.88068
5,1711,1703,-8,-0.02148
5,1744,1895,151,0.405435
5,1938,1932,-6,-0.01611
5,1975,1970,-5,-0.013425
5,2011,1741,-270,-0.72495
5,1783,1935,152,0.40812
5,1975,2383,408,1.09548
5,2427,2101,-326,-0.87531
5,2146,1971,-175,-0.469875
5,2012,1944,-68,-0.18258
5,1986,1759,-227,-0.609495
5,1801,1583,-218,-0.58533
5,1629,2246,617,1.656645
5,2291,1801,-490,-1.31565
5,1842,1940,98,0.26313
5,1980,2030,50,0.13425
5,2071,2007,-64,-0.17184
5,2047,2041,-6,-0.01611
5,2083,1503,-580,-1.5573
5,1545,2003,458,1.22973
5,2046,2143,97,0.260445
5,2185,2014,-171,-0.459135
5,2056,1685,-371,-0.996135
5,1727,1663,-64,-0.17184
5,1709,1751,42,0.11277
5,1793,1881,88,0.23628
5,1928,2220,292,0.78402
5,2263,2295,32,0.08592
5,2339,2212,-127,-0.340995
5,2257,1928,-329,-0.883365
5,1969,1538,-431,-1.157235
5,1581,1998,417,1.119645
5,2041,2028,-13,-0.034905
5,2071,1591,-480,-1.2888
5,1634,1942,308,0.82698
5,1983,1503,-480,-1.2888
5,1545,2217,672,1.80432
5,2261,2197,-64,-0.17184
5,2239,2032,-207,-0.555795
5,2075,1895,-180,-0.4833
5,1940,1875,-65,-0.174525
5,1917,2178,261,0.700785
5,2223,2002,-221,-0.593385
5,2047,2031,-16,-0.04296
5,2072,2274,202,0.54237
5,2318,2151,-167,-0.448395
5,2195,1667,-528,-1.41768
5,1709,1903,194,0.52089
5,1952,1879,-73,-0.196005
5,1921,1909,-12,-0.03222
5,1952,1941,-11,-0.029535
5,1982,2183,201,0.539685
5,2227,1739,-488,-1.31028
5,1780,2038,258,0.69273
5,2079,1539,-540,-1.4499
5,1579,2047,468,1.25658
5,2094,1823,-271,-0.727635
5,1865,2224,359,0.963915
5,2266,2362,96,0.25776
5,2405,2296,-109,-0.292665
5,2339,1855,-484,-1.29954
5,1896,1845,-51,-0.136935
5,1885,2040,155,0.416175
5,2082,1805,-277,-0.743745
5,1847,2303,456,1.22436
5,2349,2127,-222,-0.59607
5,2172,2062,-110,-0.29535
5,2106,2196,90,0.24165
5,2239,1597,-642,-1.72377
5,1639,1687,48,0.12888
5,1728,2080,352,0.94512
5,2124,1493,-631,-1.694235
5,1536,1996,460,1.2351
5,2039,1609,-430,-1.15455
5,1652,1799,147,0.394695
5,1839,1475,-364,-0.97734
5,1517,1939,422,1.13307
5,1980,2024,44,0.11814
5,2064,2004,-60,-0.1611
5,2047,2288,241,0.647085
5,2333,1739,-594,-1.59489
5,1779,1879,100,0.2685
5,1921,1911,-10,-0.02685
5,1956,1948,-8,-0.02148
5,1989,2188,199,0.534315
5,2232,2330,98,0.26313
5,2375,2061,-314,-0.84309
5,2103,2047,-56,-0.15036
5,2091,1765,-326,-0.87531
5,1807,2212,405,1.087425
5,2255,1978,-277,-0.743745
5,2019,1747,-272,-0.73032
5,1792,2041,249,0.668565
5,2083,2072,-11,-0.029535
5,2115,2315,200,0.537
5,2359,2146,-213,-0.571905
5,2189,2128,-61,-0.163785
5,2172,2069,-103,-0.276555
5,2111,2311,200,0.537
5,2355,2034,-321,-0.861885
5,2077,1853,-224,-0.60144
5,1894,2036,142,0.38127
5,2079,1547,-532,-1.42842
5,1589,2306,717,1.925145
5,2348,2236,-112,-0.30072
5,2279,1475,-804,-2.15874
5,1518,1982,464,1.24584
5,2022,2226,204,0.54774
5,2269,1946,-323,-0.867255
5,1988,2145,157,0.421545
5,2190,1587,-603,-1.619055
5,1630,1845,215,0.577275
5,1887,2089,202,0.54237
5,2134,1755,-379,-1.017615
5,1794,2266,472,1.26732
5,2311,1723,-588,-1.57878
5,1764,2018,254,0.68199
5,2060,1891,-169,-0.453765
5,1938,2231,293,0.786705
5,2274,1797,-477,-1.280745
5,1838,2096,258,0.69273
5,2139,1827,-312,-0.83772
5,1869,1863,-6,-0.01611
5,1905,2368,463,1.243155
5,2411,2290,-121,-0.324885
5,2334,1547,-787,-2.113095
5,1588,2057,469,1.259265
5,2103,1727,-376,-1.00956
5,1767,1751,-16,-0.04296
5,1794,1839,45,0.120825
5,1879,1915,36,0.09666
5,1960,2159,199,0.534315
5,2203,2144,-59,-0.158415
5,2188,2082,-106,-0.28461
5,2126,1543,-583,-1.565355
5,1587,1901,314,0.84309
5,1946,1823,-123,-0.330255
5,1867,2180,313,0.840405
5,2223,2063,-160,-0.4296
5,2106,2000,-106,-0.28461
5,2042,1930,-112,-0.30072
5,1973,1855,-118,-0.31683
5,1897,2054,157,0.421545
5,2095,2192,97,0.260445
5,2236,1453,-783,-2.102355
5,1495,2019,524,1.40694
5,2062,1988,-74,-0.19869
5,2030,1879,-151,-0.405435
5,1922,1707,-215,-0.577275
5,1749,2321,572,1.53582
5,2364,1737,-627,-1.683495
5,1778,2296,518,1.39083
5,2339,2336,-3,-0.008055
5,2382,2111,-271,-0.727635
5,2156,1721,-435,-1.167975
5,1763,2119,356,0.95586
5,2162,1691,-471,-1.264635
5,1733,1946,213,0.571905
5,1989,1974,-15,-0.040275
5,2015,1895,-120,-0.3222
5,1944,1827,-117,-0.314145
5,1869,2078,209,0.561165
5,2121,2060,-61,-0.163785
5,2103,1987,-116,-0.31146
5,2028,1867,-161,-0.432285
5,1908,2002,94,0.25239
5,2046,2039,-7,-0.018795
5,2082,1647,-435,-1.167975
5,1692,2055,363,0.974655
5,2099,1783,-316,-0.84846
5,1825,1917,92,0.24702
5,1960,2163,203,0.545055
5,2207,2103,-104,-0.27924
5,2147,1766,-381,-1.022985
5,1807,2012,205,0.550425
5,2054,2153,99,0.265815
5,2195,2032,-163,-0.437655
5,2075,2165,90,0.24165
5,2207,1823,-384,-1.03104
5,1864,2120,256,0.68736
5,2163,1947,-216,-0.57996
5,1991,1819,-172,-0.46182
5,1863,2066,203,0.545055
5,2111,1527,-584,-1.56804
5,1569,2084,515,1.382775
5,2127,1705,-422,-1.13307
5,1746,1733,-13,-0.034905
5,1775,2294,519,1.393515
5,2338,1707,-631,-1.694235
5,1748,1479,-269,-0.722265
5,1523,1767,244,0.65514
5,1811,2329,518,1.39083
5,2374,1990,-384,-1.03104
5,2031,1799,-232,-0.62292
5,1841,1949,108,0.28998
5,1991,2080,89,0.238965
5,2125,2380,255,0.684675
5,2423,1775,-648,-1.73988
5,1815,2128,313,0.840405
5,2172,2062,-110,-0.29535
5,2106,1727,-379,-1.017615
5,1767,1711,-56,-0.15036
5,1755,1910,155,0.416175
5,1956,1691,-265,-0.711525
5,1731,1679,-52,-0.13962
5,1723,2393,670,1.79895
5,2431,2163,-268,-0.71958
5,2207,1885,-322,-0.86457
5,1932,1719,-213,-0.571905
5,1763,1863,100,0.2685
5,1903,1485,-418,-1.12233
5,1527,1739,212,0.56922
5,1780,1717,-63,-0.169155
5,1759,1903,144,0.38664
5,1948,1585,-363,-0.974655
5,1627,2099,472,1.26732
5,2143,1819,-324,-0.86994
5,1859,1813,-46,-0.12351
5,1855,2160,305,0.818925
5,2204,2043,-161,-0.432285
5,2085,1663,-422,-1.13307
5,1705,2018,313,0.840405
5,2062,1903,-159,-0.426915
5,1948,1727,-221,-0.593385
5,1767,2404,637,1.710345
5,2447,1651,-796,-2.13726
5,1695,1635,-60,-0.1611
5,1676,1723,47,0.126195
5,1765,1855,90,0.24165
5,1895,2151,256,0.68736
5,2195,2031,-164,-0.44034
5,2073,2068,-5,-0.013425
5,2111,1591,-520,-1.3962
5,1633,2152,519,1.393515
5,2196,1677,-519,-1.393515
5,1719,1658,-61,-0.163785
5,1702,1758,56,0.15036
5,1797,1909,112,0.30072
5,1954,1783,-171,-0.459135
5,1823,1662,-161,-0.432285
5,1704,2070,366,0.98271
5,2111,1479,-632,-1.69692
5,1523,2092,569,1.527765
5,2135,2030,-105,-0.281925
5,2073,1653,-420,-1.1277
5,1694,1799,105,0.281925
5,1843,1948,105,0.281925
5,1990,1879,-111,-0.298035
5,1922,1962,40,0.1074
5,2004,1837,-167,-0.448395
5,1879,2140,261,0.700785
5,2183,1920,-263,-0.706155
5,1964,2008,44,0.11814
5,2047,2096,49,0.131565
5,2141,2284,143,0.383955
5,2327,1705,-622,-1.67007
5,1749,1757,8,0.02148
5,1797,2016,219,0.588015
5,2057,2067,10,0.02685
5,2111,2150,39,0.104715
5,2195,2192,-3,-0.008055
5,2235,2074,-161,-0.432285
5,2117,1699,-418,-1.12233
5,1741,1949,208,0.55848
5,1991,1719,-272,-0.73032
5,1759,1657,-102,-0.27387
5,1701,1497,-204,-0.54774
5,1539,1687,148,0.39738
5,1729,2150,421,1.130385
5,2194,2036,-158,-0.42423
5,2079,2386,307,0.824295
5,2429,1739,-690,-1.85265
5,1779,2199,420,1.1277
5,2239,1711,-528,-1.41768
5,1753,2384,631,1.694235
5,2426,1635,-791,-2.123835
5,1677,1885,208,0.55848
5,1928,1923,-5,-0.013425
5,1968,1806,-162,-0.43497
5,1847,1485,-362,-0.97197
5,1527,2361,834,2.23929
5,2403,1827,-576,-1.54656
5,1867,1455,-412,-1.10622
5,1497,1647,150,0.40275
5,1691,1953,262,0.70347
5,1995,1459,-536,-1.43916
5,1502,1813,311,0.835035
5,1855,1909,54,0.14499
5,1953,2166,213,0.571905
5,2211,2159,-52,-0.13962
5,2203,1669,-534,-1.43379
5,1712,1974,262,0.70347
5,2014,2169,155,0.416175
5,2215,1477,-738,-1.98153
5,1519,2040,521,1.398885
5,2083,1767,-316,-0.84846
5,1810,2030,220,0.5907
5,2072,1751,-321,-0.861885
5,1795,1646,-149,-0.400065
5,1689,1853,164,0.44034
5,1893,2271,378,1.01493
5,2315,1587,-728,-1.95468
5,1629,1535,-94,-0.25239
5,1577,2152,575,1.543875
5,2195,2204,9,0.024165
5,2250,2204,-46,-0.12351
5,2247,1615,-632,-1.69692
5,1656,1871,215,0.577275
5,1915,1923,8,0.02148
5,1968,1807,-161,-0.432285
5,1851,2374,523,1.404255
5,2419,1838,-581,-1.559985
5,1879,1663,-216,-0.57996
5,1707,2396,689,1.849965
5,2441,2233,-208,-0.55848
5,2277,1651,-626,-1.68081
5,1695,1795,100,0.2685
5,1837,1689,-148,-0.39738
5,1732,2262,530,1.42305
5,2303,1891,-412,-1.10622
5,1938,2158,220,0.5907
5,2201,1615,-586,-1.57341
5,1660,1447,-213,-0.571905
5,1491,2025,534,1.43379
5,2067,2071,4,0.01074
5,2111,1591,-520,-1.3962
5,1632,2047,415,1.114275
5,2089,2205,116,0.31146
5,2249,1670,-579,-1.554615
5,1713,1911,198,0.53163
5,1956,2063,107,0.287295
5,2108,1691,-417,-1.119645
5,1733,1635,-98,-0.26313
5,1677,2047,370,0.99345
5,2093,1663,-430,-1.15455
5,1709,2338,629,1.688865
5,2380,1964,-416,-1.11696
5,2006,1643,-363,-0.974655
5,1685,2105,420,1.1277
5,2149,1786,-363,-0.974655
5,1828,2096,268,0.71958
5,2138,1503,-635,-1.704975
5,1546,2172,626,1.68081
5,2216,2063,-153,-0.410805
5,2107,2264,157,0.421545
5,2303,2041,-262,-0.70347
5,2082,1607,-475,-1.275375
5,1650,2170,520,1.3962
5,2214,2012,-202,-0.54237
5,2055,1795,-260,-0.6981
5,1836,2156,320,0.8592
5,2199,2038,-161,-0.432285
5,2079,2137,58,0.15573
5,2175,1707,-468,-1.25658
5,1749,1854,105,0.281925
5,1895,2155,260,0.6981
5,2199,1980,-219,-0.588015
5,2021,1855,-166,-0.44571
5,1899,1855,-44,-0.11814
5,1896,2108,212,0.56922
5,2151,1731,-420,-1.1277
5,1772,2350,578,1.55193
5,2391,1920,-471,-1.264635
5,1963,1699,-264,-0.70884
5,1741,1948,207,0.555795
5,1990,2197,207,0.555795
5,2239,1922,-317,-0.851145
5,1963,1651,-312,-0.83772
5,1693,1474,-219,-0.588015
5,1516,1986,470,1.26195
5,2028,1964,-64,-0.17184
5,2006,1739,-267,-0.716895
5,1782,1683,-99,-0.265815
5,1726,1821,95,0.255075
5,1863,2223,360,0.9666
5,2266,1791,-475,-1.275375
5,1831,1934,103,0.276555
5,1975,1655,-320,-0.8592
5,1698,1966,268,0.71958
5,2008,2014,6,0.01611
5,2058,1727,-331,-0.888735
5,1771,1775,4,0.01074
5,1817,1765,-52,-0.13962
5,1807,2072,265,0.711525
5,2115,2010,-105,-0.281925
5,2055,1787,-268,-0.71958
5,1828,1475,-353,-0.947805
5,1519,1571,52,0.13962
5,1615,1671,56,0.15036
5,1715,1662,-53,-0.142305
5,1703,2074,371,0.996135
5,2117,2068,-49,-0.131565
5,2111,2214,103,0.276555
5,2255,2046,-209,-0.561165
5,2087,1581,-506,-1.35861
5,1623,1883,260,0.6981
5,1930,1826,-104,-0.27924
5,1867,1823,-44,-0.11814
5,1866,2136,270,0.72495
5,2175,1867,-308,-0.82698
5,1907,1964,57,0.153045
5,2007,1903,-104,-0.27924
5,1948,1891,-57,-0.153045
5,1936,2099,163,0.437655
5,2141,1932,-209,-0.561165
5,1974,2295,321,0.861885
5,2338,2236,-102,-0.27387
5,2279,1659,-620,-1.6647
5,1702,1863,161,0.432285
5,1905,1449,-456,-1.22436
5,1493,1559,66,0.17721
5,1599,2027,428,1.14918
5,2069,1807,-262,-0.70347
5,1851,1699,-152,-0.40812
5,1743,2115,372,0.99882
5,2159,1791,-368,-0.98808
5,1835,1695,-140,-0.3759
5,1737,1535,-202,-0.54237
5,1577,1739,162,0.43497
5,1780,1899,119,0.319515
5,1948,1960,12,0.03222
5,2002,1741,-261,-0.700785
5,1783,1641,-142,-0.38127
5,1683,1483,-200,-0.537
5,1527,1631,104,0.27924
5,1671,2200,529,1.420365
5,2243,1731,-512,-1.37472
5,1773,1675,-98,-0.26313
5,1719,1571,-148,-0.39738
5,1613,2036,423,1.135755
5,2081,2393,312,0.83772
5,2431,2126,-305,-0.818925
5,2170,2228,58,0.15573
5,2271,1797,-474,-1.27269
5,1839,1687,-152,-0.40812
5,1729,2362,633,1.699605
5,2406,1637,-769,-2.064765
5,1679,2047,368,0.98808
5,2091,2196,105,0.281925
5,2239,2147,-92,-0.24702
5,2188,1611,-577,-1.549245
5,1654,1926,272,0.73032
5,1968,1609,-359,-0.963915
5,1651,1451,-200,-0.537
5,1494,1863,369,0.990765
5,1905,1541,-364,-0.97734
5,1583,1855,272,0.73032
5,1899,2076,177,0.475245
5,2119,1911,-208,-0.55848
5,1956,1975,19,0.051015
5,2017,2288,271,0.727635
5,2332,2030,-302,-0.81087
5,2073,1709,-364,-0.97734
5,1751,2016,265,0.711525
5,2058,1653,-405,-1.087425
5,1695,2383,688,1.84728
5,2427,1799,-628,-1.68618
5,1841,2111,270,0.72495
5,2155,1543,-612,-1.64322
5,1585,1903,318,0.85383
5,1948,2165,217,0.582645
5,2207,2224,17,0.045645
5,2267,1959,-308,-0.82698
5,2001,2228,227,0.609495
5,2271,2127,-144,-0.38664
5,2169,2325,156,0.41886
5,2367,1701,-666,-1.78821
5,1743,1964,221,0.593385
5,2005,1695,-310,-0.83235
5,1739,2224,485,1.302225
5,2270,1551,-719,-1.930515
5,1595,1707,112,0.30072
5,1749,2328,579,1.554615
5,2372,1749,-623,-1.672755
5,1792,2223,431,1.157235
5,2267,1799,-468,-1.25658
5,1841,1849,8,0.02148
5,1890,2157,267,0.716895
5,2200,1683,-517,-1.388145
5,1725,1945,220,0.5907
5,1987,1999,12,0.03222
5,2041,1639,-402,-1.07937
5,1683,1581,-102,-0.27387
5,1624,2158,534,1.43379
5,2202,1530,-672,-1.80432
5,1573,2053,480,1.2888
5,2095,1691,-404,-1.08474
5,1730,1895,165,0.443025
5,1944,2207,263,0.706155
5,2251,1783,-468,-1.25658
5,1823,1893,70,0.18795
5,1938,2156,218,0.58533
5,2199,1485,-714,-1.91709
5,1527,2062,535,1.436475
5,2106,1651,-455,-1.221675
5,1693,2386,693,1.860705
5,2431,1960,-471,-1.264635
5,2003,1651,-352,-0.94512
5,1695,1545,-150,-0.40275
5,1588,2074,486,1.30491
5,2117,1610,-507,-1.361295
5,1652,1703,51,0.136935
5,1744,1757,13,0.034905
5,1799,2172,373,1.001505
5,2218,1705,-513,-1.377405
5,1747,2073,326,0.87531
5,2116,2172,56,0.15036
5,2218,1498,-720,-1.9332
5,1540,1497,-43,-0.115455
5,1539,1462,-77,-0.206745
5,1502,1930,428,1.14918
5,1972,1821,-151,-0.405435
5,1862,1725,-137,-0.367845
5,1766,1787,21,0.056385
5,1829,2208,379,1.017615
5,2251,2060,-191,-0.512835
5,2104,1743,-361,-0.969285
5,1786,2230,444,1.19214
5,2274,2029,-245,-0.657825
5,2071,2095,24,0.06444
5,2137,1901,-236,-0.63366
5,1946,1899,-47,-0.126195
5,1946,2115,169,0.453765
5,2159,2236,77,0.206745
5,2280,1983,-297,-0.797445
5,2024,1519,-505,-1.355925
5,1561,2047,486,1.30491
5,2090,1628,-462,-1.24047
5,1670,1895,225,0.604125
5,1940,1950,10,0.02685
5,1994,2110,116,0.31146
5,2153,1750,-403,-1.082055
5,1792,1450,-342,-0.91827
5,1491,2082,591,1.586835
5,2127,1932,-195,-0.523575
5,1974,1689,-285,-0.765225
5,1729,2116,387,1.039095
5,2162,1657,-505,-1.355925
5,1699,1670,-29,-0.077865
5,1711,2150,439,1.178715
5,2191,1477,-714,-1.91709
5,1521,1543,22,0.05907
5,1586,2182,596,1.60026
5,2225,1471,-754,-2.02449
5,1515,2270,755,2.027175
5,2314,2027,-287,-0.770595
5,2071,2303,232,0.62292
5,2347,2163,-184,-0.49404
5,2206,1797,-409,-1.098165
5,1839,2184,345,0.926325
5,2228,2293,65,0.174525
5,2335,1471,-864,-2.31984
5,1514,1895,381,1.022985
5,1940,2386,446,1.19751
5,2429,1719,-710,-1.90635
5,1763,1742,-21,-0.056385
5,1783,2175,392,1.05252
5,2222,2189,-33,-0.088605
5,2231,2208,-23,-0.061755
5,2254,1966,-288,-0.77328
5,2008,2244,236,0.63366
5,2288,1786,-502,-1.34787
5,1827,1799,-28,-0.07518
5,1839,1751,-88,-0.23628
5,1793,2134,341,0.915585
5,2175,2190,15,0.040275
5,2235,1743,-492,-1.32102
5,1783,1706,-77,-0.206745
5,1747,2134,387,1.039095
5,2175,2200,25,0.067125
5,2243,1906,-337,-0.904845
5,1952,2084,132,0.35442
5,2128,1988,-140,-0.3759
5,2029,1939,-90,-0.24165
5,1981,1965,-16,-0.04296
5,2004,2099,95,0.255075
5,2141,2268,127,0.340995
5,2311,1917,-394,-1.05789
5,1962,1882,-80,-0.2148
5,1928,2168,240,0.6444
5,2212,1711,-501,-1.345185
5,1756,2360,604,1.62174
5,2403,2220,-183,-0.491355
5,2263,1757,-506,-1.35861
5,1797,2191,394,1.05789
5,2236,1843,-393,-1.055205
5,1883,1789,-94,-0.25239
5,1830,1853,23,0.061755
5,1893,2023,130,0.34905
5,2065,1984,-81,-0.217485
5,2027,1957,-70,-0.18795
5,1999,2175,176,0.47256
5,2219,2240,21,0.056385
5,2284,2099,-185,-0.496725
5,2143,2163,20,0.0537
5,2206,2223,17,0.045645
5,2267,2024,-243,-0.652455
5,2067,1827,-240,-0.6444
5,1869,2148,279,0.749115
5,2191,1998,-193,-0.518205
5,2041,1907,-134,-0.35979
5,1952,1972,20,0.0537
5,2013,1922,-91,-0.244335
5,1964,2088,124,0.33294
5,2131,2056,-75,-0.201375
5,2100,1978,-122,-0.32757
5,2021,2089,68,0.18258
5,2134,2105,-29,-0.077865
5,2148,2069,-79,-0.212115
5,2111,2137,26,0.06981
5,2175,2360,185,0.496725
5,2403,2367,-36,-0.09666
5,2412,1976,-436,-1.17066
5,2017,1899,-118,-0.31683
5,1946,2227,281,0.754485
5,2269,2234,-35,-0.093975
5,2277,2244,-33,-0.088605
5,2289,1685,-604,-1.62174
5,1727,2070,343,0.920955
5,2111,1932,-179,-0.480615
5,1974,1731,-243,-0.652455
5,1773,2164,391,1.049835
5,2207,1549,-658,-1.76673
5,1591,2047,456,1.22436
5,2093,2222,129,0.346365
5,2265,1615,-650,-1.74525
5,1655,2152,497,1.334445
5,2195,2374,179,0.480615
5,2415,2023,-392,-1.05252
5,2063,2239,176,0.47256
5,2283,2254,-29,-0.077865
5,2298,1855,-443,-1.189455
5,1896,1930,34,0.09129
5,1972,2356,384,1.03104
5,2399,1483,-916,-2.45946
5,1527,2177,650,1.74525
5,2220,1926,-294,-0.78939
5,1970,1678,-292,-0.78402
5,1720,2278,558,1.49823
5,2321,1928,-393,-1.055205
5,1971,2055,84,0.22554
5,2100,1984,-116,-0.31146
5,2025,1951,-74,-0.19869
5,1993,2071,78,0.20943
5,2111,2032,-79,-0.212115
5,2075,2094,19,0.051015
5,2138,2164,26,0.06981
5,2207,1977,-230,-0.61755
5,2016,1525,-491,-1.318335
5,1567,1707,140,0.3759
5,1750,1723,-27,-0.072495
5,1763,2265,502,1.34787
5,2303,1755,-548,-1.47138
5,1798,2300,502,1.34787
5,2343,2057,-286,-0.76791
5,2100,2080,-20,-0.0537
5,2124,1839,-285,-0.765225
5,1881,1485,-396,-1.06326
5,1527,2170,643,1.726455
5,2215,2077,-138,-0.37053
5,2124,1783,-341,-0.915585
5,1824,1903,79,0.212115
5,1952,1822,-130,-0.34905
5,1863,2214,351,0.942435
5,2255,1452,-803,-2.156055
5,1495,2047,552,1.48212
5,2095,2177,82,0.22017
5,2223,1986,-237,-0.636345
5,2030,1743,-287,-0.770595
5,1786,1517,-269,-0.722265
5,1559,2116,557,1.495545
5,2159,1495,-664,-1.78284
5,1537,1992,455,1.221675
5,2035,1751,-284,-0.76254
5,1792,2190,398,1.06863
5,2236,2268,32,0.08592
5,2313,1769,-544,-1.46064
5,1811,2162,351,0.942435
5,2206,1974,-232,-0.62292
5,2016,1939,-77,-0.206745
5,1981,1899,-82,-0.22017
5,1944,1709,-235,-0.630975
5,1752,2199,447,1.200195
5,2242,1695,-547,-1.468695
5,1738,1667,-71,-0.190635
5,1711,2003,292,0.78402
5,2047,2178,131,0.351735
5,2222,2204,-18,-0.04833
5,2247,2228,-19,-0.051015
5,2271,1505,-766,-2.05671
5,1550,1887,337,0.904845
5,1934,1798,-136,-0.36516
5,1839,1503,-336,-0.90216
5,1546,2045,499,1.339815
5,2088,1691,-397,-1.065945
5,1731,1659,-72,-0.19332
5,1699,1781,82,0.22017
5,1822,2276,454,1.21899
5,2319,1823,-496,-1.33176
5,1866,2053,187,0.502095
5,2095,2281,186,0.49941
5,2324,2152,-172,-0.46182
5,2194,1653,-541,-1.452585
5,1695,1879,184,0.49404
5,1921,2264,343,0.920955
5,2303,1811,-492,-1.32102
5,1851,1995,144,0.38664
5,2035,2111,76,0.20406
5,2153,1655,-498,-1.33713
5,1697,1717,20,0.0537
5,1760,1577,-183,-0.491355
5,1621,1903,282,0.75717
5,1952,1711,-241,-0.647085
5,1755,1675,-80,-0.2148
5,1717,2315,598,1.60563
5,2358,2122,-236,-0.63366
5,2166,1711,-455,-1.221675
5,1755,1879,124,0.33294
5,1920,1638,-282,-0.75717
5,1680,2036,356,0.95586
5,2076,2210,134,0.35979
5,2255,2335,80,0.2148
5,2379,1619,-760,-2.0406
5,1661,2317,656,1.76136
5,2361,2285,-76,-0.20406
5,2328,1471,-857,-2.301045
5,1513,2161,648,1.73988
5,2206,2184,-22,-0.05907
5,2227,1827,-400,-1.074
5,1870,1741,-129,-0.346365
5,1783,2128,345,0.926325
5,2173,1994,-179,-0.480615
5,2037,2068,31,0.083235
5,2111,1947,-164,-0.44034
5,1990,2117,127,0.340995
5,2161,2093,-68,-0.18258
5,2138,1797,-341,-0.915585
5,1839,1715,-124,-0.33294
5,1759,2054,295,0.792075
5,2100,2276,176,0.47256
5,2318,1988,-330,-0.88605
5,2028,2213,185,0.496725
5,2255,1859,-396,-1.06326
5,1901,2195,294,0.78939
5,2239,1485,-754,-2.02449
5,1526,1921,395,1.060575
5,1963,1839,-124,-0.33294
5,1879,1597,-282,-0.75717
5,1639,1881,242,0.64977
5,1921,2070,149,0.400065
5,2111,1887,-224,-0.60144
5,1932,1599,-333,-0.894105
5,1643,1575,-68,-0.18258
5,1616,1711,95,0.255075
5,1753,1471,-282,-0.75717
5,1517,1976,459,1.232415
5,2017,1583,-434,-1.16529
5,1625,2076,451,1.210935
5,2118,1727,-391,-1.049835
5,1769,1599,-170,-0.45645
5,1639,1831,192,0.51552
5,1872,1487,-385,-1.033725
5,1532,2036,504,1.35324
5,2079,2002,-77,-0.206745
5,2044,2398,354,0.95049
5,2441,1733,-708,-1.90098
5,1776,1703,-73,-0.196005
5,1745,1677,-68,-0.18258
5,1719,1537,-182,-0.48867
5,1581,2196,615,1.651275
5,2239,2376,137,0.367845
5,2417,2030,-387,-1.039095
5,2070,1479,-591,-1.586835
5,1522,1931,409,1.098165
5,1974,1847,-127,-0.340995
5,1887,1607,-280,-0.7518
5,1649,1779,130,0.34905
5,1820,2379,559,1.500915
5,2421,2236,-185,-0.496725
5,2280,1578,-702,-1.88487
5,1620,1663,43,0.115455
5,1705,1735,30,0.08055
5,1775,2175,400,1.074
5,2219,1879,-340,-0.9129
5,1920,2228,308,0.82698
5,2270,1683,-587,-1.576095
5,1726,2028,302,0.81087
5,2071,1967,-104,-0.27924
5,2008,2151,143,0.383955
5,2193,2387,194,0.52089
5,2431,1886,-545,-1.463325
5,1930,2215,285,0.765225
5,2259,1615,-644,-1.72914
5,1659,1785,126,0.33831
5,1829,1713,-116,-0.31146
5,1755,2056,301,0.808185
5,2099,1976,-123,-0.330255
5,2016,1531,-485,-1.302225
5,1575,1511,-64,-0.17184
5,1553,1799,246,0.66051
5,1839,2093,254,0.68199
5,2137,1695,-442,-1.18677
5,1737,1775,38,0.10203
5,1816,2214,398,1.06863
5,2257,1883,-374,-1.00419
5,1930,1859,-71,-0.190635
5,1902,1887,-15,-0.040275
5,1932,1859,-73,-0.196005
5,1902,1787,-115,-0.308775
5,1829,1968,139,0.373215
5,2008,1993,-15,-0.040275
5,2038,1449,-589,-1.581465
5,1490,2051,561,1.506285
5,2093,1867,-226,-0.60681
5,1908,1879,-29,-0.077865
5,1920,1903,-17,-0.045645
5,1952,2352,400,1.074
5,2395,2220,-175,-0.469875
5,2263,2032,-231,-0.620235
5,2075,1947,-128,-0.34368
5,1989,1871,-118,-0.31683
5,1913,2361,448,1.20288
5,2403,2182,-221,-0.593385
5,2225,1895,-330,-0.88605
5,1940,2135,195,0.523575
5,2175,1950,-225,-0.604125
5,1991,1767,-224,-0.60144
5,1811,1743,-68,-0.18258
5,1786,1775,-11,-0.029535
5,1819,1919,100,0.2685
5,1964,1733,-231,-0.620235
5,1775,2127,352,0.94512
5,2172,1671,-501,-1.345185
5,1715,2324,609,1.635165
5,2367,2244,-123,-0.330255
5,2287,2018,-269,-0.722265
5,2061,1940,-121,-0.324885
5,1983,1595,-388,-1.04178
5,1637,1577,-60,-0.1611
5,1619,1972,353,0.947805
5,2013,2208,195,0.523575
5,2251,2234,-17,-0.045645
5,2278,1567,-711,-1.909035
5,1612,1907,295,0.792075
5,1952,2252,300,0.8055
5,2295,1807,-488,-1.31028
5,1850,1940,90,0.24165
5,1982,1554,-428,-1.14918
5,1596,2156,560,1.5036
5,2199,2024,-175,-0.469875
5,2065,2102,37,0.099345
5,2143,2337,194,0.52089
5,2382,1885,-497,-1.334445
5,1930,2019,89,0.238965
5,2063,1881,-182,-0.48867
5,1928,1647,-281,-0.754485
5,1692,1719,27,0.072495
5,1761,1587,-174,-0.46719
5,1627,1927,300,0.8055
5,1972,2113,141,0.378585
5,2156,1767,-389,-1.044465
5,1809,1956,147,0.394695
5,1999,2036,37,0.099345
5,2078,1498,-580,-1.5573
5,1540,1575,35,0.093975
5,1615,2068,453,1.216305
5,2111,1567,-544,-1.46064
5,1613,1807,194,0.52089
5,1848,1514,-334,-0.89679
5,1557,1799,242,0.64977
5,1841,1823,-18,-0.04833
5,1867,2162,295,0.792075
5,2207,1567,-640,-1.7184
5,1609,2318,709,1.903665
5,2359,1767,-592,-1.58952
5,1811,1689,-122,-0.32757
5,1730,2085,355,0.953175
5,2127,1483,-644,-1.72914
5,1526,1663,137,0.367845
5,1705,1947,242,0.64977
5,1989,2341,352,0.94512
5,2383,2096,-287,-0.770595
5,2141,1968,-173,-0.464505
5,2010,1823,-187,-0.502095
5,1868,1855,-13,-0.034905
5,1899,1771,-128,-0.34368
5,1812,1797,-15,-0.040275
5,1837,1671,-166,-0.44571
5,1712,1695,-17,-0.045645
5,1738,1879,141,0.378585
5,1921,1911,-10,-0.02685
5,1956,2142,186,0.49941
5,2187,1759,-428,-1.14918
5,1800,1723,-77,-0.206745
5,1765,1964,199,0.534315
5,2007,1775,-232,-0.62292
5,1817,1485,-332,-0.89142
5,1528,2034,506,1.35861
5,2077,2156,79,0.212115
5,2199,1663,-536,-1.43916
5,1706,1992,286,0.76791
5,2032,2067,35,0.093975
5,2111,1823,-288,-0.77328
5,1867,1637,-230,-0.61755
5,1679,2246,567,1.522395
5,2290,2066,-224,-0.60144
5,2111,2366,255,0.684675
5,2408,1817,-591,-1.586835
5,1859,2160,301,0.808185
5,2205,1513,-692,-1.85802
5,1557,1595,38,0.10203
5,1638,1727,89,0.238965
5,1769,2225,456,1.22436
5,2270,2248,-22,-0.05907
5,2291,2171,-120,-0.3222
5,2214,1934,-280,-0.7518
5,1975,2276,301,0.808185
5,2319,1783,-536,-1.43916
5,1823,2010,187,0.502095
5,2047,2352,305,0.818925
5,2395,1647,-748,-2.00838
5,1689,1992,303,0.813555
5,2033,2283,250,0.67125
5,2326,1837,-489,-1.312965
5,1879,1915,36,0.09666
5,1960,1946,-14,-0.03759
5,1986,1807,-179,-0.480615
5,1851,1893,42,0.11277
5,1936,1759,-177,-0.475245
5,1802,1623,-179,-0.480615
5,1665,1903,238,0.63903
5,1946,1879,-67,-0.179895
5,1920,2175,255,0.684675
5,2219,2153,-66,-0.17721
5,2195,2288,93,0.249705
5,2331,1463,-868,-2.33058
5,1504,1887,383,1.028355
5,1936,1759,-177,-0.475245
5,1801,1726,-75,-0.201375
5,1769,2012,243,0.652455
5,2055,2292,237,0.636345
5,2335,1895,-440,-1.1814
5,1942,1503,-439,-1.178715
5,1546,1739,193,0.518205
5,1781,2188,407,1.092795
5,2232,1797,-435,-1.167975
5,1839,1503,-336,-0.90216
5,1544,1679,135,0.362475
5,1723,1976,253,0.679305
5,2017,1894,-123,-0.330255
5,1936,2130,194,0.52089
5,2175,2054,-121,-0.324885
5,2099,1615,-484,-1.29954
5,1657,1583,-74,-0.19869
5,1625,1663,38,0.10203
5,1706,1639,-67,-0.179895
5,1681,1503,-178,-0.47793
5,1546,2104,558,1.49823
5,2148,1970,-178,-0.47793
5,2012,1940,-72,-0.19332
5,1982,1911,-71,-0.190635
5,1956,1679,-277,-0.743745
5,1722,2234,512,1.37472
5,2278,2167,-111,-0.298035
5,2207,1992,-215,-0.577275
5,2038,2271,233,0.625605
5,2317,1721,-596,-1.60026
5,1763,1690,-73,-0.196005
5,1732,1623,-109,-0.292665
5,1665,1799,134,0.35979
5,1841,1674,-167,-0.448395
5,1715,2335,620,1.6647
5,2379,1988,-391,-1.049835
5,2032,2070,38,0.10203
5,2111,2294,183,0.491355
5,2335,1645,-690,-1.85265
5,1687,1773,86,0.23091
5,1815,1805,-10,-0.02685
5,1846,2152,306,0.82161
5,2195,2073,-122,-0.32757
5,2118,1887,-231,-0.620235
5,1934,2071,137,0.367845
5,2111,1567,-544,-1.46064
5,1609,1755,146,0.39201
5,1796,1823,27,0.072495
5,1863,2110,247,0.663195
5,2151,1603,-548,-1.47138
5,1646,2103,457,1.227045
5,2147,1659,-488,-1.31028
5,1703,2149,446,1.19751
5,2193,2187,-6,-0.01611
5,2231,1807,-424,-1.13844
5,1849,2096,247,0.663195
5,2139,1551,-588,-1.57878
5,1592,2204,612,1.64322
5,2247,2026,-221,-0.593385
5,2069,1737,-332,-0.89142
5,1780,2026,246,0.66051
5,2069,2047,-22,-0.05907
5,2095,1763,-332,-0.89142
5,1803,2204,401,1.076685
5,2249,1613,-636,-1.70766
5,1657,2002,345,0.926325
5,2046,2336,290,0.77865
5,2380,1895,-485,-1.302225
5,1942,1981,39,0.104715
5,2024,1647,-377,-1.012245
5,1689,1879,190,0.51015
5,1920,2106,186,0.49941
5,2149,2028,-121,-0.324885
5,2070,1895,-175,-0.469875
5,1940,2237,297,0.797445
5,2279,1531,-748,-2.00838
5,1573,1807,234,0.62829
5,1850,1885,35,0.093975
5,1930,1803,-127,-0.340995
5,1844,1875,31,0.083235
5,1917,2062,145,0.389325
5,2104,1984,-120,-0.3222
5,2025,2066,41,0.110085
5,2109,2196,87,0.233595
5,2239,1487,-752,-2.01912
5,1528,1509,-19,-0.051015
5,1553,1847,294,0.78939
5,1887,1875,-12,-0.03222
5,1920,1847,-73,-0.196005
5,1887,1617,-270,-0.72495
5,1660,2008,348,0.93438
5,2047,1607,-440,-1.1814
5,1651,2056,405,1.087425
5,2101,1669,-432,-1.15992
5,1710,2028,318,0.85383
5,2071,1733,-338,-0.90753
5,1775,2072,297,0.797445
5,2116,2361,245,0.657825
5,2403,2241,-162,-0.43497
5,2284,2111,-173,-0.464505
5,2154,1673,-481,-1.291485
5,1716,1699,-17,-0.045645
5,1742,2245,503,1.350555
5,2288,1531,-757,-2.032545
5,1572,2074,502,1.34787
5,2117,1521,-596,-1.60026
5,1563,1491,-72,-0.19332
5,1536,1663,127,0.340995
5,1707,2119,412,1.10622
5,2161,1465,-696,-1.86876
5,1507,2266,759,2.037915
5,2309,1871,-438,-1.17603
5,1913,2257,344,0.92364
5,2302,2280,-22,-0.05907
5,2324,2300,-24,-0.06444
5,2343,2117,-226,-0.60681
5,2159,2343,184,0.49404
5,2385,2143,-242,-0.64977
5,2187,1799,-388,-1.04178
5,1841,2024,183,0.491355
5,2067,2196,129,0.346365
5,2239,2159,-80,-0.2148
5,2201,1651,-550,-1.47675
5,1693,1875,182,0.48867
5,1917,1843,-74,-0.19869
5,1886,1911,25,0.067125
5,1956,1675,-281,-0.754485
5,1718,1960,242,0.64977
5,2003,1925,-78,-0.20943
5,1972,2210,238,0.63903
5,2255,1507,-748,-2.00838
5,1549,1787,238,0.63903
5,1829,2172,343,0.920955
5,2213,1917,-296,-0.79476
5,1960,2099,139,0.373215
5,2142,1703,-439,-1.178715
5,1743,2304,561,1.506285
5,2349,2064,-285,-0.765225
5,2109,1821,-288,-0.77328
5,1863,1747,-116,-0.31146
5,1788,2087,299,0.802815
5,2132,1591,-541,-1.452585
5,1632,1667,35,0.093975
5,1709,1791,82,0.22017
5,1833,2076,243,0.652455
5,2115,2149,34,0.09129
5,2193,1903,-290,-0.77865
5,1948,1875,-73,-0.196005
5,1917,1477,-440,-1.1814
5,1520,1855,335,0.899475
5,1899,1769,-130,-0.34905
5,1811,1797,-14,-0.03759
5,1839,1557,-282,-0.75717
5,1600,1483,-117,-0.314145
5,1524,1915,391,1.049835
5,1960,2353,393,1.055205
5,2396,1638,-758,-2.03523
5,1680,1667,-13,-0.034905
5,1712,1955,243,0.652455
5,1998,2388,390,1.04715
5,2431,1831,-600,-1.611
5,1871,1968,97,0.260445
5,2009,1574,-435,-1.167975
5,1615,1653,38,0.10203
5,1696,1885,189,0.507465
5,1932,1960,28,0.07518
5,2003,2200,197,0.528945
5,2242,1907,-335,-0.899475
5,1952,2192,240,0.6444
5,2235,1956,-279,-0.749115
5,1998,1675,-323,-0.867255
5,1718,1807,89,0.238965
5,1848,2352,504,1.35324
5,2392,2124,-268,-0.71958
5,2169,1829,-340,-0.9129
5,1871,1968,97,0.260445
5,2009,1990,-19,-0.051015
5,2033,2282,249,0.668565
5,2326,2047,-279,-0.749115
5,2092,2122,30,0.08055
5,2165,1994,-171,-0.459135
5,2036,1799,-237,-0.636345
5,1843,1767,-76,-0.20406
5,1808,1839,31,0.083235
5,1881,2128,247,0.663195
5,2171,2107,-64,-0.17184
5,2150,1765,-385,-1.033725
5,1807,2210,403,1.082055
5,2251,1979,-272,-0.73032
5,2021,1952,-69,-0.185265
5,1996,2083,87,0.233595
5,2127,2224,97,0.260445
5,2267,2043,-224,-0.60144
5,2084,2168,84,0.22554
5,2212,2399,187,0.502095
5,2442,2059,-383,-1.028355
5,2102,2404,302,0.81087
5,2447,2113,-334,-0.89679
5,2155,1769,-386,-1.03641
5,1810,2056,246,0.66051
5,2100,1980,-120,-0.3222
5,2021,1791,-230,-0.61755
5,1835,2392,557,1.495545
5,2436,1895,-541,-1.452585
5,1938,2141,203,0.545055
5,2185,1733,-452,-1.21362
5,1774,1543,-231,-0.620235
5,1585,1719,134,0.35979
5,1760,1849,89,0.238965
5,1889,1607,-282,-0.75717
5,1648,2096,448,1.20288
5,2139,1493,-646,-1.73451
5,1536,1933,397,1.065945
5,1974,1535,-439,-1.178715
5,1579,1727,148,0.39738
5,1767,2002,235,0.630975
5,2046,1558,-488,-1.31028
5,1600,1843,243,0.652455
5,1886,1863,-23,-0.061755
5,1903,1989,86,0.23091
5,2030,1751,-279,-0.749115
5,1794,2140,346,0.92901
5,2183,2382,199,0.534315
5,2423,2232,-191,-0.512835
5,2278,1835,-443,-1.189455
5,1877,2077,200,0.537
5,2119,2000,-119,-0.319515
5,2044,1507,-537,-1.441845
5,1549,2052,503,1.350555
5,2094,1655,-439,-1.178715
5,1695,1775,80,0.2148
5,1817,1803,-14,-0.03759
5,1844,1470,-374,-1.00419
5,1511,2326,815,2.188275
5,2367,1619,-748,-2.00838
5,1664,1759,95,0.255075
5,1800,1789,-11,-0.029535
5,1831,2184,353,0.947805
5,2229,2311,82,0.22017
5,2355,1975,-380,-1.0203
5,2015,1998,-17,-0.045645
5,2039,2018,-21,-0.056385
5,2060,2143,83,0.222855
5,2187,1855,-332,-0.89142
5,1898,1679,-219,-0.588015
5,1720,1451,-269,-0.722265
5,1493,2251,758,2.03523
5,2295,1802,-493,-1.323705
5,1843,2145,302,0.81087
5,2190,1964,-226,-0.60681
5,2008,1573,-435,-1.167975
5,1616,2122,506,1.35861
5,2166,1727,-439,-1.178715
5,1769,1595,-174,-0.46719
5,1637,1731,94,0.25239
5,1774,1653,-121,-0.324885
5,1695,2208,513,1.377405
5,2253,1703,-550,-1.47675
5,1744,2154,410,1.10085
5,2197,1615,-582,-1.56267
5,1659,2370,711,1.909035
5,2414,1990,-424,-1.13844
5,2033,1695,-338,-0.90753
5,1738,2079,341,0.915585
5,2124,2062,-62,-0.16647
5,2104,1981,-123,-0.330255
5,2023,1954,-69,-0.185265
5,1995,1920,-75,-0.201375
5,1962,2311,349,0.937065
5,2354,2238,-116,-0.31146
5,2283,1741,-542,-1.45527
5,1784,1711,-73,-0.196005
5,1752,2098,346,0.92901
5,2141,2380,239,0.641715
5,2422,1823,-599,-1.608315
5,1865,2116,251,0.673935
5,2159,1513,-646,-1.73451
5,1555,2165,610,1.63785
5,2207,1823,-384,-1.03104
5,1864,1956,92,0.24702
5,1998,2135,137,0.367845
5,2175,1791,-384,-1.03104
5,1835,1823,-12,-0.03222
5,1863,1543,-320,-0.8592
5,1583,1455,-128,-0.34368
5,1499,1895,396,1.06326
5,1940,1607,-333,-0.894105
5,1647,2163,516,1.38546
5,2207,1815,-392,-1.05252
5,1856,1895,39,0.104715
5,1942,2082,140,0.3759
5,2127,2262,135,0.362475
5,2303,2037,-266,-0.71421
5,2078,1803,-275,-0.738375
5,1847,2356,509,1.366665
5,2399,2374,-25,-0.067125
5,2419,1775,-644,-1.72914
5,1815,1807,-8,-0.02148
5,1849,1783,-66,-0.17721
5,1824,2080,256,0.68736
5,2124,2353,229,0.614865
5,2397,1913,-484,-1.29954
5,1960,2161,201,0.539685
5,2207,1773,-434,-1.16529
5,1815,1853,38,0.10203
5,1895,1986,91,0.244335
5,2027,1959,-68,-0.18258
5,2001,2095,94,0.25239
5,2139,2126,-13,-0.034905
5,2168,2206,38,0.10203
5,2250,1707,-543,-1.457955
5,1751,2211,460,1.2351
5,2255,1822,-433,-1.162605
5,1863,1695,-168,-0.45108
5,1735,1875,140,0.3759
5,1920,1599,-321,-0.861885
5,1643,1739,96,0.25776
5,1781,1883,102,0.27387
5,1929,1976,47,0.126195
5,2015,1960,-55,-0.147675
5,2002,1673,-329,-0.883365
5,1714,1497,-217,-0.582645
5,1537,2372,835,2.241975
5,2414,1881,-533,-1.431105
5,1923,1711,-212,-0.56922
5,1753,1847,94,0.25239
5,1891,1823,-68,-0.18258
5,1866,1759,-107,-0.287295
5,1802,1798,-4,-0.01074
5,1839,2255,416,1.11696
5,2299,2170,-129,-0.346365
5,2215,1735,-480,-1.2888
5,1775,1714,-61,-0.163785
5,1756,1595,-161,-0.432285
55,2093,1823,-270,-0.72495
5,1867,1972,105,0.281925
5,2012,2169,157,0.421545
5,2211,2256,45,0.120825
5,2299,2338,39,0.104715
5,2381,1643,-738,-1.98153
5,1687,2044,357,0.958545
5,2084,1551,-533,-1.431105
5,1596,2004,408,1.09548
5,2047,1839,-208,-0.55848
5,1881,1923,42,0.11277
5,1970,1545,-425,-1.141125
5,1589,1743,154,0.41349
5,1786,2250,464,1.24584
5,2294,2388,94,0.25239
5,2431,2161,-270,-0.72495
5,2205,2037,-168,-0.45108
5,2079,1663,-416,-1.11696
5,1707,1645,-62,-0.16647
5,1687,1949,262,0.70347
5,1990,2140,150,0.40275
5,2183,2064,-119,-0.319515
5,2110,2158,48,0.12888
5,2201,2398,197,0.528945
5,2443,1907,-536,-1.43916
5,1952,1942,-10,-0.02685
5,1984,1458,-526,-1.41231
5,1501,2388,887,2.381595
5,2431,1847,-584,-1.56804
5,1888,1932,44,0.11814
5,1975,1539,-436,-1.17066
5,1583,1775,192,0.51552
5,1817,1715,-102,-0.27387
5,1758,2175,417,1.119645
5,2221,1835,-386,-1.03641
5,1877,2115,238,0.63903
5,2159,1991,-168,-0.45108
5,2032,1807,-225,-0.604125
5,1849,1944,95,0.255075
5,1985,1865,-120,-0.3222
5,1906,1733,-173,-0.464505
5,1775,1710,-65,-0.174525
5,1752,1747,-5,-0.013425
5,1789,1979,190,0.51015
5,2021,2014,-7,-0.018795
5,2057,1991,-66,-0.17721
5,2035,2382,347,0.931695
5,2424,1943,-481,-1.291485
5,1984,2191,207,0.555795
5,2235,1913,-322,-0.86457
5,1956,1790,-166,-0.44571
5,1831,1823,-8,-0.02148
5,1865,1911,46,0.12351
5,1956,1945,-11,-0.029535
5,1988,1823,-165,-0.443025
5,1868,1863,-5,-0.013425
5,1905,1735,-170,-0.45645
5,1779,1987,208,0.55848
5,2030,1863,-167,-0.448395
5,1906,2014,108,0.28998
5,2055,2000,-55,-0.147675
5,2044,1773,-271,-0.727635
5,1815,2329,514,1.38009
5,2371,2108,-263,-0.706155
5,2151,1775,-376,-1.00956
5,1816,2284,468,1.25658
5,2327,2211,-116,-0.31146
5,2253,2044,-209,-0.561165
5,2086,1711,-375,-1.006875
5,1753,2160,407,1.092795
5,2203,1879,-324,-0.86994
5,1920,1975,55,0.147675
5,2013,2166,153,0.410805
5,2207,1519,-688,-1.84728
5,1561,1807,246,0.66051
5,1849,2102,253,0.679305
5,2147,1570,-577,-1.549245
5,1613,1499,-114,-0.30609
5,1539,1835,296,0.79476
5,1875,1980,105,0.281925
5,2022,1974,-48,-0.12888
5,2016,1637,-379,-1.017615
5,1679,1879,200,0.537
5,1920,2020,100,0.2685
5,2063,1699,-364,-0.97734
5,1742,1483,-259,-0.695415
5,1526,2042,516,1.38546
5,2084,2026,-58,-0.15573
5,2068,1815,-253,-0.679305
5,1857,1853,-4,-0.01074
5,1895,1928,33,0.088605
5,1970,2170,200,0.537
5,2213,1583,-630,-1.69155
5,1626,1819,193,0.518205
5,1859,1959,100,0.2685
5,2000,1722,-278,-0.74643
5,1763,2328,565,1.517025
5,2372,1681,-691,-1.855335
5,1723,1609,-114,-0.30609
5,1651,2117,466,1.25121
5,2161,1735,-426,-1.14381
5,1777,1771,-6,-0.01611
5,1809,2062,253,0.679305
5,2107,1829,-278,-0.74643
5,1868,1915,47,0.126195
5,1960,2057,97,0.260445
5,2101,1723,-378,-1.01493
5,1765,2075,310,0.83235
5,2118,2319,201,0.539685
5,2363,1881,-482,-1.29417
5,1921,2334,413,1.108905
5,2378,2156,-222,-0.59607
5,2201,2096,-105,-0.281925
5,2139,1711,-428,-1.14918
5,1754,1855,101,0.271185
5,1897,2045,148,0.39738
5,2087,1867,-220,-0.5907
5,1908,1907,-1,-0.002685
5,1952,1631,-321,-0.861885
5,1673,1767,94,0.25239
5,1809,1703,-106,-0.28461
5,1745,2100,355,0.953175
5,2143,2239,96,0.25776
5,2284,2156,-128,-0.34368
5,2201,1835,-366,-0.98271
5,1875,1924,49,0.131565
5,1967,2001,34,0.09129
5,2043,2192,149,0.400065
5,2236,2224,-12,-0.03222
5,2270,1951,-319,-0.856515
5,1991,1923,-68,-0.18258
5,1968,1701,-267,-0.716895
5,1743,1831,88,0.23628
5,1875,2183,308,0.82698
5,2223,1739,-484,-1.29954
5,1779,1667,-112,-0.30072
5,1709,2001,292,0.78402
5,2044,1765,-279,-0.749115
5,1805,1475,-330,-0.88605
5,1518,2032,514,1.38009
5,2076,2008,-68,-0.18258
5,2047,2191,144,0.38664
5,2235,1531,-704,-1.89024
5,1571,1871,300,0.8055
5,1915,1895,-20,-0.0537
5,1944,2036,92,0.24702
5,2079,2366,287,0.770595
5,2409,1969,-440,-1.1814
5,2010,1939,-71,-0.190635
5,1981,1954,-27,-0.072495
5,1997,1605,-392,-1.05252
5,1646,2201,555,1.490175
5,2244,2112,-132,-0.35442
5,2155,1718,-437,-1.173345
5,1759,2157,398,1.06863
5,2199,1801,-398,-1.06863
5,1843,2138,295,0.792075
5,2183,1787,-396,-1.06326
5,1827,2222,395,1.060575
5,2266,1984,-282,-0.75717
5,2025,2315,290,0.77865
5,2357,1959,-398,-1.06863
5,1999,2130,131,0.351735
5,2175,1995,-180,-0.4833
5,2037,2072,35,0.093975
5,2111,1946,-165,-0.443025
5,1988,1878,-110,-0.29535
5,1920,1635,-285,-0.765225
5,1676,1661,-15,-0.040275
5,1703,1891,188,0.50478
5,1938,2186,248,0.66588
5,2231,2012,-219,-0.588015
5,2055,1829,-226,-0.60681
5,1870,2064,194,0.52089
5,2107,2404,297,0.797445
5,2446,1487,-959,-2.574915
5,1531,1675,144,0.38664
5,1718,2175,457,1.227045
5,2219,2144,-75,-0.201375
5,2187,2170,-17,-0.045645
5,2215,1721,-494,-1.32639
5,1763,1950,187,0.502095
5,1991,2022,31,0.083235
5,2063,2090,27,0.072495
5,2135,2066,-69,-0.185265
5,2111,1775,-336,-0.90216
5,1815,2004,189,0.507465
5,2047,1863,-184,-0.49404
5,1904,2152,248,0.66588
5,2196,2076,-120,-0.3222
5,2119,1885,-234,-0.62829
5,1932,1907,-25,-0.067125
5,1952,2188,236,0.63366
5,2231,1539,-692,-1.85802
5,1583,1927,344,0.92364
5,1967,1899,-68,-0.18258
5,1944,1607,-337,-0.904845
5,1649,1998,349,0.937065
5,2040,1661,-379,-1.017615
5,1703,1997,294,0.78939
5,2040,1811,-229,-0.614865
5,1851,1992,141,0.378585
5,2033,2330,297,0.797445
5,2371,1932,-439,-1.178715
5,1974,2223,249,0.668565
5,2265,1926,-339,-0.910215
5,1968,1996,28,0.07518
5,2040,1957,-83,-0.222855
5,2001,2137,136,0.36516
5,2181,1948,-233,-0.625605
5,1988,1802,-186,-0.49941
5,1845,1831,-14,-0.03759
5,1871,2325,454,1.21899
5,2367,2193,-174,-0.46719
5,2238,1853,-385,-1.033725
5,1895,1663,-232,-0.62292
5,1706,1467,-239,-0.641715
5,1509,2107,598,1.60563
5,2151,2230,79,0.212115
5,2275,1942,-333,-0.894105
5,1984,1958,-26,-0.06981
5,1999,1871,-128,-0.34368
5,1914,1739,-175,-0.469875
5,1779,1857,78,0.20943
5,1899,1879,-20,-0.0537
5,1922,2373,451,1.210935
5,2415,1815,-600,-1.611
5,1856,2063,207,0.555795
5,2107,2191,84,0.22554
5,2235,1532,-703,-1.887555
5,1575,1555,-20,-0.0537
5,1596,2203,607,1.629795
5,2247,2236,-11,-0.029535
5,2279,2208,-71,-0.190635
5,2252,2127,-125,-0.335625
5,2169,1891,-278,-0.74643
5,1936,2236,300,0.8055
5,2279,2156,-123,-0.330255
5,2199,2127,-72,-0.19332
5,2171,1679,-492,-1.32102
5,1722,1649,-73,-0.196005
5,1691,1930,239,0.641715
5,1972,1854,-118,-0.31683
5,1897,1507,-390,-1.04715
5,1547,1635,88,0.23628
5,1678,2180,502,1.34787
5,2223,2144,-79,-0.212115
5,2185,1953,-232,-0.62292
5,1993,1447,-546,-1.46601
5,1489,1881,392,1.05252
5,1923,1847,-76,-0.20406
5,1887,1755,-132,-0.35442
5,1796,1673,-123,-0.330255
5,1713,1915,202,0.54237
5,1962,2044,82,0.22017
5,2086,2214,128,0.34368
5,2255,1978,-277,-0.743745
5,2019,1689,-330,-0.88605
5,1731,1553,-178,-0.47793
5,1594,2206,612,1.64322
5,2249,2066,-183,-0.491355
5,2111,1930,-181,-0.485985
5,1973,2158,185,0.496725
5,2203,1755,-448,-1.20288
5,1797,2040,243,0.652455
5,2083,1743,-340,-0.9129
5,1787,1607,-180,-0.4833
5,1649,1727,78,0.20943
5,1769,1695,-74,-0.19869
5,1737,1923,186,0.49941
5,1968,1951,-17,-0.045645
5,1993,2175,182,0.48867
5,2218,1881,-337,-0.904845
5,1923,1958,35,0.093975
5,2001,1915,-86,-0.23091
5,1960,1998,38,0.10203
5,2043,1755,-288,-0.77328
5,1798,1727,-71,-0.190635
5,1773,1903,130,0.34905
5,1952,2085,133,0.357105
5,2130,2162,32,0.08592
5,2206,2072,-134,-0.35979
5,2117,1691,-426,-1.14381
5,1733,2024,291,0.781335
5,2065,1830,-235,-0.630975
5,1871,1595,-276,-0.74106
5,1637,2182,545,1.463325
5,2226,1827,-399,-1.071315
5,1871,1747,-124,-0.33294
5,1792,1988,196,0.52626
5,2029,1590,-439,-1.178715
5,1633,2178,545,1.463325
5,2223,2104,-119,-0.319515
5,2149,2216,67,0.179895
5,2261,1707,-554,-1.48749
5,1749,1470,-279,-0.749115
5,1511,1693,182,0.48867
5,1734,2224,490,1.31565
5,2268,1615,-653,-1.753305
5,1658,2002,344,0.92364
5,2044,2071,27,0.072495
5,2111,2247,136,0.36516
5,2293,1951,-342,-0.91827
5,1993,2080,87,0.233595
5,2125,2096,-29,-0.077865
5,2141,2167,26,0.06981
5,2212,1611,-601,-1.613685
5,1655,1895,240,0.6444
5,1940,2338,398,1.06863
5,2383,1723,-660,-1.7721
5,1764,1903,139,0.373215
5,1952,2331,379,1.017615
5,2373,1615,-758,-2.03523
5,1657,1587,-70,-0.18795
5,1629,1453,-176,-0.47256
5,1494,2047,553,1.484805
5,2094,1903,-191,-0.512835
5,1952,1509,-443,-1.189455
5,1551,2164,613,1.645905
5,2207,1711,-496,-1.33176
5,1753,1473,-280,-0.7518
5,1513,1651,138,0.37053
5,1693,2302,609,1.635165
5,2345,2065,-280,-0.7518
5,2111,2188,77,0.206745
5,2231,2097,-134,-0.35979
5,2140,1958,-182,-0.48867
5,2000,1771,-229,-0.614865
5,1811,2166,355,0.953175
5,2207,1610,-597,-1.602945
5,1651,2303,652,1.75062
5,2346,2223,-123,-0.330255
5,2265,2246,-19,-0.051015
5,2291,2066,-225,-0.604125
5,2107,2241,134,0.35979
5,2283,1739,-544,-1.46064
5,1781,2072,291,0.781335
5,2111,2147,36,0.09666
5,2191,2172,-19,-0.051015
5,2215,1507,-708,-1.90098
5,1551,1940,389,1.044465
5,1982,1851,-131,-0.351735
5,1892,1557,-335,-0.899475
5,1599,2003,404,1.08474
5,2046,1647,-399,-1.071315
5,1689,1723,34,0.09129
5,1764,1689,-75,-0.201375
5,1730,1971,241,0.647085
5,2014,2099,85,0.228225
5,2143,2018,-125,-0.335625
5,2062,2042,-20,-0.0537
5,2087,1491,-596,-1.60026
5,1536,1611,75,0.201375
5,1654,1843,189,0.507465
5,1886,1867,-19,-0.051015
5,1908,1575,-333,-0.894105
5,1618,1855,237,0.636345
5,1899,1713,-186,-0.49941
5,1756,1788,32,0.08592
5,1830,2170,340,0.9129
5,2215,1771,-444,-1.19214
5,1812,1743,-69,-0.185265
5,1786,1807,21,0.056385
5,1850,1883,33,0.088605
5,1928,2218,290,0.77865
5,2261,1975,-286,-0.76791
5,2016,1953,-63,-0.169155
5,1994,1491,-503,-1.350555
5,1533,1779,246,0.66051
5,1822,1909,87,0.233595
5,1956,2030,74,0.19869
5,2073,2003,-70,-0.18795
5,2047,2244,197,0.528945
5,2287,2316,29,0.077865
5,2361,1974,-387,-1.039095
5,2015,1831,-184,-0.49404
5,1873,1695,-178,-0.47793
5,1739,1767,28,0.07518
5,1807,1991,184,0.49404
5,2035,1971,-64,-0.17184
5,2012,1661,-351,-0.942435
5,1702,1685,-17,-0.045645
5,1727,1813,86,0.23091
5,1855,2192,337,0.904845
5,2239,2115,-124,-0.33294
5,2159,1619,-540,-1.4499
5,1659,1689,30,0.08055
5,1731,2075,344,0.92364
5,2119,1515,-604,-1.62174
5,1556,2208,652,1.75062
5,2252,1907,-345,-0.926325
5,1954,1871,-83,-0.222855
5,1912,1797,-115,-0.308775
5,1839,1827,-12,-0.03222
5,1869,1593,-276,-0.74106
5,1637,1821,184,0.49404
5,1862,1847,-15,-0.040275
5,1888,1925,37,0.099345
5,1970,1939,-31,-0.083235
5,1980,1807,-173,-0.464505
5,1850,2291,441,1.184085
5,2335,1839,-496,-1.33176
5,1882,1655,-227,-0.609495
5,1699,2244,545,1.463325
5,2287,2004,-283,-0.759855
5,2047,2335,288,0.77328
5,2377,1619,-758,-2.03523
5,1659,1749,90,0.24165
5,1793,2124,331,0.888735
5,2167,1454,-713,-1.914405
5,1498,1839,341,0.915585
5,1881,1593,-288,-0.77328
5,1635,2085,450,1.20825
5,2131,2041,-90,-0.24165
5,2083,1962,-121,-0.324885
5,2005,2302,297,0.797445
5,2346,2319,-27,-0.072495
5,2363,1926,-437,-1.173345
5,1968,1535,-433,-1.162605
5,1579,2032,453,1.216305
5,2075,2216,141,0.378585
5,2259,1934,-325,-0.872625
5,1975,1637,-338,-0.90753
5,1679,1659,-20,-0.0537
5,1701,1939,238,0.63903
5,1979,2319,340,0.9129
5,2362,1966,-396,-1.06326
5,2007,2140,133,0.357105
5,2183,1961,-222,-0.59607
5,2003,1766,-237,-0.636345
5,1807,1779,-28,-0.07518
5,1820,1897,77,0.206745
5,1944,2078,134,0.35979
5,2122,1481,-641,-1.721085
5,1523,2079,556,1.49286
5,2121,1779,-342,-0.91827
5,1822,1747,-75,-0.201375
5,1787,2404,617,1.656645
5,2447,2175,-272,-0.73032
5,2218,2046,-172,-0.46182
5,2087,2063,-24,-0.06444
5,2108,1659,-449,-1.205565
5,1702,1529,-173,-0.464505
5,1571,1976,405,1.087425
5,2020,1831,-189,-0.507465
5,1875,2061,186,0.49941
5,2104,1713,-391,-1.049835
5,1754,1631,-123,-0.330255
5,1676,1659,-17,-0.045645
5,1703,1938,235,0.630975
5,1981,2124,143,0.383955
5,2167,1719,-448,-1.20288
5,1758,1691,-67,-0.179895
5,1733,2189,456,1.22436
5,2231,1887,-344,-0.92364
5,1936,1957,21,0.056385
5,1998,2292,294,0.78939
5,2335,2000,-335,-0.899475
5,2041,1805,-236,-0.63366
5,1846,1515,-331,-0.888735
5,1557,2003,446,1.19751
5,2046,1807,-239,-0.641715
5,1850,2199,349,0.937065
5,2239,1747,-492,-1.32102
5,1788,1969,181,0.485985
5,2010,1881,-129,-0.346365
5,1928,1958,30,0.08055
5,2000,2124,124,0.33294
5,2167,1715,-452,-1.21362
5,1757,1879,122,0.32757
5,1921,2266,345,0.926325
5,2309,1717,-592,-1.58952
5,1758,1727,-31,-0.083235
5,1773,1751,-22,-0.05907
5,1794,2400,606,1.62711
5,2444,1843,-601,-1.613685
5,1887,1497,-390,-1.04715
5,1540,2042,502,1.34787
5,2083,2068,-15,-0.040275
5,2111,1723,-388,-1.04178
5,1767,1859,92,0.24702
5,1900,1575,-325,-0.872625
5,1615,1447,-168,-0.45108
5,1489,2141,652,1.75062
5,2184,1958,-226,-0.60681
5,2000,2100,100,0.2685
5,2143,2168,25,0.067125
5,2211,2127,-84,-0.22554
5,2171,2148,-23,-0.061755
5,2191,1690,-501,-1.345185
5,1733,2386,653,1.753305
5,2430,2047,-383,-1.028355
5,2090,2219,129,0.346365
5,2262,2030,-232,-0.62292
5,2072,1791,-281,-0.754485
5,1835,2388,553,1.484805
5,2430,2148,-282,-0.75717
5,2191,1749,-442,-1.18677
5,1792,1467,-325,-0.872625
5,1507,2172,665,1.785525
5,2217,2084,-133,-0.357105
5,2127,2259,132,0.35442
5,2303,2183,-120,-0.3222
5,2224,2108,-116,-0.31146
5,2151,1924,-227,-0.609495
5,1967,1739,-228,-0.61218
5,1781,2017,236,0.63366
5,2059,1523,-536,-1.43916
5,1565,1663,98,0.26313
5,1704,2106,402,1.07937
5,2148,1705,-443,-1.189455
5,1747,1519,-228,-0.61218
5,1560,1695,135,0.362475
5,1737,2136,399,1.071315
5,2175,1901,-274,-0.73569
5,1945,2248,303,0.813555
5,2291,1911,-380,-1.0203
5,1958,2198,240,0.6444
5,2239,1915,-324,-0.86994
5,1960,2102,142,0.38127
5,2143,1651,-492,-1.32102
5,1695,1995,300,0.8055
5,2035,2018,-17,-0.045645
5,2060,1838,-222,-0.59607
5,1879,1495,-384,-1.03104
5,1539,1741,202,0.54237
5,1782,1503,-279,-0.749115
5,1545,1589,44,0.11814
5,1631,2194,563,1.511655
55,2271,2098,-173,-0.464505
5,2143,1911,-232,-0.62292
5,1958,2140,182,0.48867
5,2183,2374,191,0.512835
5,2416,1663,-753,-2.021805
5,1708,1585,-123,-0.330255
5,1627,1775,148,0.39738
5,1815,2207,392,1.05252
5,2251,1871,-380,-1.0203
5,1913,1795,-118,-0.31683
5,1838,2188,350,0.93975
5,2231,1795,-436,-1.17066
5,1835,2192,357,0.958545
5,2233,1895,-338,-0.90753
5,1942,2241,299,0.802815
5,2285,1851,-434,-1.16529
5,1893,1671,-222,-0.59607
5,1714,1503,-211,-0.566535
5,1545,2047,502,1.34787
5,2091,1599,-492,-1.32102
5,1643,1785,142,0.38127
5,1827,2126,299,0.802815
5,2167,2208,41,0.110085
5,2253,2131,-122,-0.32757
5,2175,1791,-384,-1.03104
5,1833,1875,42,0.11277
5,1915,2012,97,0.260445
5,2054,1883,-171,-0.459135
5,1928,2269,341,0.915585
5,2311,1875,-436,-1.17066
5,1916,1691,-225,-0.604125
5,1735,2022,287,0.770595
5,2063,2296,233,0.625605
5,2339,1639,-700,-1.8795
5,1683,2035,352,0.94512
5,2079,1903,-176,-0.47256
5,1952,1625,-327,-0.877995
5,1666,2216,550,1.47675
5,2258,2300,42,0.11277
5,2342,2372,30,0.08055
5,2415,1931,-484,-1.29954
5,1973,2227,254,0.68199
5,2271,1629,-642,-1.72377
5,1671,1659,-12,-0.03222
5,1700,1899,199,0.534315
5,1942,1658,-284,-0.76254
5,1699,1956,257,0.690045
5,1997,1823,-174,-0.46719
5,1865,2168,303,0.813555
5,2214,1775,-439,-1.178715
5,1819,2170,351,0.942435
5,2214,1775,-439,-1.178715
5,1818,2022,204,0.54774
5,2065,1789,-276,-0.74106
5,1831,1763,-68,-0.18258
5,1804,1575,-229,-0.614865
5,1619,2020,401,1.076685
5,2063,1982,-81,-0.217485
5,2024,2222,198,0.53163
5,2265,1669,-596,-1.60026
5,1711,2121,410,1.10085
5,2163,2001,-162,-0.43497
5,2043,1499,-544,-1.46064
5,1541,1671,130,0.34905
5,1716,1490,-226,-0.60681
5,1536,2095,559,1.500915
5,2139,2178,39,0.104715
5,2221,2150,-71,-0.190635
5,2194,1869,-325,-0.872625
5,1908,2316,408,1.09548
5,2357,1763,-594,-1.59489
5,1807,1902,95,0.255075
5,1952,1879,-73,-0.196005
5,1921,2012,91,0.244335
5,2054,2044,-10,-0.02685
5,2085,1749,-336,-0.90216
5,1792,2030,238,0.63903
5,2074,1483,-591,-1.586835
5,1528,1714,186,0.49941
5,1755,1838,83,0.222855
5,1879,1563,-316,-0.84846
5,1605,2014,409,1.098165
5,2055,1630,-425,-1.141125
5,1671,1707,36,0.09666
5,1750,1954,204,0.54774
5,1995,2139,144,0.38664
5,2183,2064,-119,-0.319515
5,2105,1986,-119,-0.319515
5,2028,1705,-323,-0.867255
5,1747,1683,-64,-0.17184
5,1725,1815,90,0.24165
5,1857,1996,139,0.373215
5,2039,2189,150,0.40275
5,2231,1743,-488,-1.31028
5,1783,1771,-12,-0.03222
5,1812,1479,-333,-0.894105
5,1523,1975,452,1.21362
5,2018,1943,-75,-0.201375
5,1987,2294,307,0.824295
5,2335,1689,-646,-1.73451
5,1731,2185,454,1.21899
5,2229,1597,-632,-1.69692
5,1637,2195,558,1.49823
5,2236,2163,-73,-0.196005
5,2207,2146,-61,-0.163785
5,2190,1851,-339,-0.910215
5,1891,1727,-164,-0.44034
5,1768,1915,147,0.394695
5,1960,2303,343,0.920955
5,2347,2175,-172,-0.46182
5,2220,1466,-754,-2.02449
5,1506,1757,251,0.673935
5,1798,2351,553,1.484805
5,2395,2059,-336,-0.90216
5,2103,1723,-380,-1.0203
5,1765,2382,617,1.656645
5,2425,2144,-281,-0.754485
5,2187,1654,-533,-1.431105
5,1696,2303,607,1.629795
5,2346,2020,-326,-0.87531
5,2062,1735,-327,-0.877995
5,1777,1763,-14,-0.03759
5,1805,2000,195,0.523575
5,2043,2135,92,0.24702
5,2175,1747,-428,-1.14918
5,1792,1521,-271,-0.727635
5,1563,2390,827,2.220495
5,2431,2158,-273,-0.733005
5,2203,2024,-179,-0.480615
5,2067,1887,-180,-0.4833
5,1932,1751,-181,-0.485985
5,1793,2352,559,1.500915
5,2397,1695,-702,-1.88487
5,1740,1939,199,0.534315
5,1981,1911,-70,-0.18795
5,1956,2256,300,0.8055
5,2299,2232,-67,-0.179895
5,2275,2098,-177,-0.475245
5,2143,1485,-658,-1.76673
5,1527,2092,565,1.517025
5,2134,1799,-335,-0.899475
5,1839,1775,-64,-0.17184
5,1818,1811,-7,-0.018795
5,1852,2148,296,0.79476
5,2191,1751,-440,-1.1814
5,1793,1777,-16,-0.04296
5,1819,1799,-20,-0.0537
5,1841,1551,-290,-0.77865
5,1597,2103,506,1.35861
5,2143,1807,-336,-0.90216
5,1850,2256,406,1.09011
5,2301,2216,-85,-0.228225
5,2263,1719,-544,-1.46064
5,1761,1535,-226,-0.60681
5,1576,2240,664,1.78284
5,2283,1751,-532,-1.42842
5,1795,2097,302,0.81087
5,2141,1709,-432,-1.15992
5,1750,1527,-223,-0.598755
5,1570,1451,-119,-0.319515
5,1493,1743,250,0.67125
5,1783,1815,32,0.08592
5,1857,2206,349,0.937065
5,2250,1927,-323,-0.867255
5,1972,2164,192,0.51552
5,2207,2146,-61,-0.163785
5,2189,1791,-398,-1.06863
5,1833,1717,-116,-0.31146
5,1759,1745,-14,-0.03759
5,1787,2090,303,0.813555
5,2134,2170,36,0.09666
5,2214,1843,-371,-0.996135
5,1885,1659,-226,-0.60681
5,1701,1689,-12,-0.03222
5,1731,2126,395,1.060575
5,2169,2211,42,0.11277
5,2257,1557,-700,-1.8795
5,1599,1519,-80,-0.2148
5,1561,2071,510,1.36935
5,2111,2191,80,0.2148
5,2232,1855,-377,-1.012245
5,1895,1773,-122,-0.32757
5,1815,1637,-178,-0.47793
5,1679,1911,232,0.62292
5,1956,2090,134,0.35979
5,2131,2107,-24,-0.06444
5,2151,1493,-658,-1.76673
5,1536,2242,706,1.89561
5,2285,2208,-77,-0.206745
5,2252,1917,-335,-0.899475
5,1962,1527,-435,-1.167975
5,1571,2079,508,1.36398
5,2123,1947,-176,-0.47256
5,1988,1813,-175,-0.469875
5,1854,1942,88,0.23628
5,1983,2020,37,0.099345
5,2063,1739,-324,-0.86994
5,1780,1655,-125,-0.335625
5,1697,2102,405,1.087425
5,2143,2224,81,0.217485
5,2267,1667,-600,-1.611
5,1711,1999,288,0.77328
5,2042,2188,146,0.39201
5,2231,2056,-175,-0.469875
5,2102,1871,-231,-0.620235
5,1913,1475,-438,-1.17603
5,1515,2232,717,1.925145
5,2275,1741,-534,-1.43379
5,1782,1709,-73,-0.196005
5,1750,1735,-15,-0.040275
5,1775,2175,400,1.074
5,2219,2364,145,0.389325
5,2407,2234,-173,-0.464505
5,2279,1579,-700,-1.8795
5,1623,2024,401,1.076685
5,2068,2253,185,0.496725
5,2298,1915,-383,-1.028355
5,1962,1515,-447,-1.200195
5,1555,2011,456,1.22436
5,2054,2133,79,0.212115
5,2175,1791,-384,-1.03104
5,1833,2238,405,1.087425
5,2279,2001,-278,-0.74643
5,2044,1502,-542,-1.45527
5,1542,2010,468,1.25658
5,2054,1673,-381,-1.022985
5,1715,1751,36,0.09666
5,1792,2034,242,0.64977
5,2077,1791,-286,-0.76791
5,1833,1713,-120,-0.3222
5,1756,1577,-179,-0.480615
5,1620,1859,239,0.641715
5,1901,1519,-382,-1.02567
5,1562,1655,93,0.249705
5,1696,2153,457,1.227045
5,2197,1919,-278,-0.74643
5,1964,2046,82,0.22017
5,2087,1759,-328,-0.88068
5,1800,1581,-219,-0.588015
5,1623,2344,721,1.935885
5,2387,2126,-261,-0.700785
5,2167,1843,-324,-0.86994
5,1885,1990,105,0.281925
5,2032,1751,-281,-0.754485
5,1795,2152,357,0.958545
5,2195,2076,-119,-0.319515
5,2119,1591,-528,-1.41768
5,1633,2138,505,1.355925
5,2183,1815,-368,-0.98808
5,1856,1487,-369,-0.990765
5,1529,1887,358,0.96123
5,1932,1959,27,0.072495
5,2001,1679,-322,-0.86457
5,1721,1976,255,0.684675
5,2017,1531,-486,-1.30491
5,1573,1715,142,0.38127
5,1757,2378,621,1.667385
5,2422,1679,-743,-1.994955
5,1723,1863,140,0.3759
5,1903,2364,461,1.237785
5,2406,1929,-477,-1.280745
5,1972,2024,52,0.13962
5,2065,2001,-64,-0.17184
5,2043,1771,-272,-0.73032
5,1811,2004,193,0.518205
5,2047,2396,349,0.937065
5,2442,1914,-528,-1.41768
5,1960,1946,-14,-0.03759
5,1988,2146,158,0.42423
5,2190,2021,-169,-0.453765
5,2066,1952,-114,-0.30609
5,1994,2210,216,0.57996
5,2251,1928,-323,-0.867255
5,1971,1903,-68,-0.18258
5,1948,1567,-381,-1.022985
5,1609,1453,-156,-0.41886
5,1496,2323,827,2.220495
5,2367,1994,-373,-1.001505
5,2037,2380,343,0.920955
5,2424,2110,-314,-0.84309
5,2153,1561,-592,-1.58952
5,1603,1967,364,0.97734
5,2010,1887,-123,-0.330255
5,1936,2039,103,0.276555
5,2083,2022,-61,-0.163785
5,2066,2056,-10,-0.02685
5,2099,1619,-480,-1.2888
5,1662,1595,-67,-0.179895
5,1635,1475,-160,-0.4296
5,1517,1575,58,0.15573
5,1617,2128,511,1.372035
5,2171,1954,-217,-0.582645
5,1995,2047,52,0.13962
5,2092,2346,254,0.68199
5,2391,1971,-420,-1.1277
5,2012,1535,-477,-1.280745
5,1577,1835,258,0.69273
5,1875,2278,403,1.082055
5,2319,1677,-642,-1.72377
5,1719,2388,669,1.796265
5,2431,1795,-636,-1.70766
5,1837,2146,309,0.829665
5,2189,1983,-206,-0.55311
5,2024,1445,-579,-1.554615
5,1485,1949,464,1.24584
5,1991,1721,-270,-0.72495
5,1764,2328,564,1.51434
5,2367,1838,-529,-1.420365
5,1878,1501,-377,-1.012245
5,1544,2014,470,1.26195
5,2055,1517,-538,-1.44453
5,1559,2180,621,1.667385
5,2223,1687,-536,-1.43916
5,1728,1719,-9,-0.024165
5,1760,2111,351,0.942435
5,2153,1883,-270,-0.72495
5,1928,2071,143,0.383955
5,2111,1634,-477,-1.280745
5,1675,1823,148,0.39738
5,1865,1807,-58,-0.15573
5,1849,2163,314,0.84309
5,2209,1667,-542,-1.45527
5,1710,1966,256,0.68736
5,2008,1791,-217,-0.582645
5,1834,1733,-101,-0.271185
5,1775,1985,210,0.56385
5,2026,1854,-172,-0.46182
5,1895,2047,152,0.40812
5,2094,1819,-275,-0.738375
5,1860,2223,363,0.974655
5,2266,1779,-487,-1.307595
5,1821,1770,-51,-0.136935
5,1811,1747,-64,-0.17184
5,1792,1992,200,0.537
5,2035,2179,144,0.38664
5,2223,1855,-368,-0.98808
5,1895,1988,93,0.249705
5,2029,1503,-526,-1.41231
5,1546,1635,89,0.238965
5,1677,1782,105,0.281925
5,1823,1930,107,0.287295
5,1971,1913,-58,-0.15573
5,1960,1591,-369,-0.990765
5,1634,1591,-43,-0.115455
5,1633,1777,144,0.38664
5,1819,1815,-4,-0.01074
5,1859,1647,-212,-0.56922
5,1687,2198,511,1.372035
5,2243,2232,-11,-0.029535
5,2277,1797,-480,-1.2888
5,1839,1571,-268,-0.71958
5,1615,1503,-112,-0.30072
5,1547,2055,508,1.36398
5,2099,2031,-68,-0.18258
5,2073,1909,-164,-0.44034
5,1954,1787,-167,-0.448395
5,1829,2136,307,0.824295
5,2175,1855,-320,-0.8592
5,1899,1531,-368,-0.98808
5,1575,2187,612,1.64322
5,2231,2371,140,0.3759
5,2414,1571,-843,-2.263455
5,1611,2040,429,1.151865
5,2083,1810,-273,-0.733005
5,1851,1887,36,0.09666
5,1936,2029,93,0.249705
5,2072,2058,-14,-0.03759
5,2103,1461,-642,-1.72377
5,1504,2381,877,2.354745
5,2423,1678,-745,-2.000325
5,1720,1977,257,0.690045
5,2019,1899,-120,-0.3222
5,1944,1923,-21,-0.056385
5,1972,1643,-329,-0.883365
5,1687,1791,104,0.27924
5,1830,2160,330,0.88605
5,2204,1879,-325,-0.872625
5,1923,2072,149,0.400065
5,2116,1477,-639,-1.715715
5,1519,1571,52,0.13962
5,1613,1919,306,0.82161
5,1964,2067,103,0.276555
5,2111,2353,242,0.64977
5,2397,1657,-740,-1.9869
5,1699,1899,200,0.537
5,1946,1517,-429,-1.151865
5,1559,1915,356,0.95586
5,1958,1851,-107,-0.287295
5,1893,1679,-214,-0.57459
5,1721,1709,-12,-0.03222
5,1751,2066,315,0.845775
5,2107,2154,47,0.126195
5,2199,2124,-75,-0.201375
5,2169,1901,-268,-0.71958
5,1948,1631,-317,-0.851145
5,1675,2396,721,1.935885
5,2439,1901,-538,-1.44453
5,1944,2358,414,1.11159
5,2399,2128,-271,-0.727635
5,2172,2267,95,0.255075
5,2311,1917,-394,-1.05789
5,1962,1895,-67,-0.179895
5,1940,1663,-277,-0.743745
5,1708,2120,412,1.10622
5,2163,2293,130,0.34905
5,2335,2006,-329,-0.883365
5,2047,1777,-270,-0.72495
5,1820,2185,365,0.980025
5,2229,1651,-578,-1.55193
5,1692,2000,308,0.82698
5,2043,1817,-226,-0.60681
5,1859,1687,-172,-0.46182
5,1730,1879,149,0.400065
5,1920,1903,-17,-0.045645
5,1952,1819,-133,-0.357105
5,1861,1802,-59,-0.158415
5,1843,1831,-12,-0.03222
5,1872,1814,-58,-0.15573
5,1855,2004,149,0.400065
5,2047,1463,-584,-1.56804
5,1503,1925,422,1.13307
5,1967,2384,417,1.119645
5,2427,2272,-155,-0.416175
5,2314,1998,-316,-0.84846
5,2040,1767,-273,-0.733005
5,1811,1959,148,0.39738
5,2000,2351,351,0.942435
5,2395,2126,-269,-0.722265
5,2169,2271,102,0.27387
5,2314,1885,-429,-1.151865
5,1932,2350,418,1.12233
5,2393,2228,-165,-0.443025
5,2271,1589,-682,-1.83117
5,1632,2100,468,1.25658
5,2143,1919,-224,-0.60144
5,1968,2125,157,0.421545
5,2169,1683,-486,-1.30491
5,1725,2352,627,1.683495
5,2398,1871,-527,-1.414995
5,1913,2225,312,0.83772
5,2267,1791,-476,-1.27806
5,1831,1723,-108,-0.28998
5,1762,1815,53,0.142305
5,1857,2216,359,0.963915
5,2260,1817,-443,-1.189455
5,1859,1749,-110,-0.29535
5,1791,2051,260,0.6981
5,2094,2193,99,0.265815
5,2237,2234,-3,-0.008055
5,2276,2104,-172,-0.46182
5,2148,1453,-695,-1.866075
5,1495,2158,663,1.780155
5,2203,1461,-742,-1.99227
5,1503,2115,612,1.64322
5,2159,1933,-226,-0.60681
5,1975,1531,-444,-1.19214
5,1573,1565,-8,-0.02148
5,1607,2268,661,1.774785
5,2311,2402,91,0.244335
5,2446,1647,-799,-2.145315
5,1689,1461,-228,-0.61218
5,1502,1855,353,0.947805
5,1901,1980,79,0.212115
5,2020,2063,43,0.115455
5,2107,2257,150,0.40275
5,2302,1762,-540,-1.4499
5,1805,1895,90,0.24165
5,1940,2238,298,0.80013
5,2282,2169,-113,-0.303405
5,2214,2250,36,0.09666
5,2295,2231,-64,-0.17184
5,2274,2321,47,0.126195
5,2366,1659,-707,-1.898295
5,1703,2165,462,1.24047
5,2207,1683,-524,-1.40694
5,1726,2228,502,1.34787
5,2271,1843,-428,-1.14918
5,1884,2138,254,0.68199
5,2181,2218,37,0.099345
5,2261,2200,-61,-0.163785
5,2244,2234,-10,-0.02685
5,2277,1583,-694,-1.86339
5,1627,2404,777,2.086245
5,2447,2128,-319,-0.856515
5,2171,2116,-55,-0.147675
5,2159,1671,-488,-1.31028
5,1713,1451,-262,-0.70347
5,1495,1855,360,0.9666
5,1899,1791,-108,-0.28998
5,1833,1727,-106,-0.28461
5,1766,2332,566,1.51971
5,2375,1945,-430,-1.15455
5,1987,1663,-324,-0.86994
5,1710,1863,153,0.410805
5,1904,2160,256,0.68736
5,2204,1939,-265,-0.711525
5,1982,2028,46,0.12351
5,2073,2163,90,0.24165
5,2207,1727,-480,-1.2888
5,1768,2012,244,0.65514
5,2054,2247,193,0.518205
5,2291,1964,-327,-0.877995
5,2004,1938,-66,-0.17721
5,1980,1651,-329,-0.883365
5,1693,1990,297,0.797445
5,2034,1913,-121,-0.324885
5,1960,1791,-169,-0.453765
5,1835,1671,-164,-0.44034
5,1714,2076,362,0.97197
5,2119,1537,-582,-1.56267
5,1581,1579,-2,-0.00537
5,1620,1775,155,0.416175
5,1817,1753,-64,-0.17184
5,1795,1783,-12,-0.03222
5,1825,1823,-2,-0.00537
5,1866,1811,-55,-0.147675
5,1854,1534,-320,-0.8592
5,1575,1679,104,0.27924
5,1723,2391,668,1.79358
5,2431,2126,-305,-0.818925
5,2169,1743,-426,-1.14381
5,1785,1945,160,0.4296
5,1987,2300,313,0.840405
5,2343,1920,-423,-1.135755
5,1963,1855,-108,-0.28998
5,1899,1846,-53,-0.142305
5,1887,1675,-212,-0.56922
5,1715,2129,414,1.11159
5,2173,2066,-107,-0.287295
55,1817,1981,164,0.44034
5,2022,1445,-577,-1.549245
5,1488,2068,580,1.5573
5,2111,2318,207,0.555795
5,2363,1887,-476,-1.27806
5,1932,1615,-317,-0.851145
5,1661,1807,146,0.39201
5,1852,2059,207,0.555795
5,2105,2100,-5,-0.013425
5,2143,2084,-59,-0.158415
5,2129,2321,192,0.51552
5,2367,1996,-371,-0.996135
5,2040,2138,98,0.26313
5,2181,2121,-60,-0.1611
5,2165,1739,-426,-1.14381
5,1781,1938,157,0.421545
5,1981,2021,40,0.1074
5,2063,1483,-580,-1.5573
5,1526,2234,708,1.90098
5,2279,2215,-64,-0.17184
5,2257,1985,-272,-0.73032
5,2026,2284,258,0.69273
5,2327,2006,-321,-0.861885
5,2047,1775,-272,-0.73032
5,1815,1751,-64,-0.17184
5,1792,2098,306,0.82161
5,2143,2199,56,0.15036
5,2239,2191,-48,-0.12888
5,2235,2177,-58,-0.15573
5,2219,1907,-312,-0.83772
5,1952,2356,404,1.08474
5,2399,1667,-732,-1.96542
5,1708,2166,458,1.22973
5,2210,1990,-220,-0.5907
5,2032,2338,306,0.82161
5,2382,2142,-240,-0.6444
5,2187,1790,-397,-1.065945
5,1831,1875,44,0.11814
5,1915,2167,252,0.67662
5,2211,1630,-581,-1.559985
5,1673,1871,198,0.53163
5,1913,1901,-12,-0.03222
5,1948,1823,-125,-0.335625
5,1866,1642,-224,-0.60144
5,1684,1779,95,0.255075
5,1822,2191,369,0.990765
5,2235,2231,-4,-0.01074
5,2271,2211,-60,-0.1611
5,2254,1879,-375,-1.006875
5,1920,1703,-217,-0.582645
5,1746,1843,97,0.260445
5,1885,2030,145,0.389325
5,2072,1807,-265,-0.711525
5,1847,1956,109,0.292665
5,1999,1471,-528,-1.41768
5,1515,2138,623,1.672755
5,2175,2068,-107,-0.287295
5,2110,2160,50,0.13425
5,2204,1823,-381,-1.022985
5,1866,2228,362,0.97197
5,2271,2215,-56,-0.15036
5,2259,2147,-112,-0.30072
5,2191,1555,-636,-1.70766
5,1597,2009,412,1.10622
5,2047,1984,-63,-0.169155
5,2027,2327,300,0.8055
5,2367,1884,-483,-1.296855
5,1932,2243,311,0.835035
5,2286,2276,-10,-0.02685
5,2319,2098,-221,-0.593385
5,2142,1980,-162,-0.43497
5,2020,2017,-3,-0.008055
5,2062,1837,-225,-0.604125
5,1879,2232,353,0.947805
5,2275,1791,-484,-1.29954
5,1831,2239,408,1.09548
5,2280,1853,-427,-1.146495
5,1893,2192,299,0.802815
5,2235,1907,-328,-0.88068
5,1952,2203,251,0.673935
5,2246,1759,-487,-1.307595
5,1803,2058,255,0.684675
5,2099,1991,-108,-0.28998
5,2031,2184,153,0.410805
5,2228,1551,-677,-1.817745
5,1593,2376,783,2.102355
5,2421,2252,-169,-0.453765
5,2294,1769,-525,-1.409625
5,1810,1791,-19,-0.051015
5,1835,2099,264,0.70884
5,2142,1719,-423,-1.135755
5,1760,2181,421,1.130385
5,2226,1799,-427,-1.146495
5,1843,2207,364,0.97734
5,2251,2084,-167,-0.448395
5,2126,2172,46,0.12351
5,2216,1693,-523,-1.404255
5,1737,2047,310,0.83235
5,2090,1917,-173,-0.464505
5,1962,2058,96,0.25776
5,2100,1882,-218,-0.58533
5,1928,1546,-382,-1.02567
5,1587,1479,-108,-0.28998
5,1523,2355,832,2.23392
5,2398,2125,-273,-0.733005
5,2170,1699,-471,-1.264635
5,1742,2316,574,1.54119
5,2357,1923,-434,-1.16529
5,1970,1595,-375,-1.006875
5,1636,2154,518,1.39083
5,2197,2083,-114,-0.30609
5,2127,1902,-225,-0.604125
5,1948,1731,-217,-0.582645
5,1773,1661,-112,-0.30072
5,1703,1954,251,0.673935
5,1995,1723,-272,-0.73032
5,1766,1547,-219,-0.588015
5,1591,1687,96,0.25776
5,1731,1981,250,0.67125
5,2022,2275,253,0.679305
5,2319,1939,-380,-1.0203
5,1982,2120,138,0.37053
5,2163,1575,-588,-1.57878
5,1618,1461,-157,-0.421545
5,1504,1497,-7,-0.018795
5,1537,1843,306,0.82161
5,1885,1937,52,0.13962
5,1979,1661,-318,-0.85383
5,1703,1693,-10,-0.02685
5,1735,2300,565,1.517025
5,2344,1915,-429,-1.151865
5,1962,1847,-115,-0.308775
5,1888,2099,211,0.566535
5,2143,1663,-480,-1.2888
5,1704,1703,-1,-0.002685
5,1744,2376,632,1.69692
5,2419,1675,-744,-1.99764
5,1717,1932,215,0.577275
5,1974,2227,253,0.679305
5,2271,1687,-584,-1.56804
5,1728,1725,-3,-0.008055
5,1767,1988,221,0.593385
5,2028,1453,-575,-1.543875
5,1495,2123,628,1.68618
5,2167,1687,-480,-1.2888
5,1727,2142,415,1.114275
5,2185,1862,-323,-0.867255
5,1903,1959,56,0.15036
5,2002,1727,-275,-0.738375
5,1772,2235,463,1.243155
5,2279,2111,-168,-0.45108
5,2155,1885,-270,-0.72495
5,1932,1711,-221,-0.593385
5,1753,1579,-174,-0.46719
5,1621,1811,190,0.51015
5,1854,1950,96,0.25776
5,1991,1972,-19,-0.051015
5,2014,1735,-279,-0.749115
5,1777,2080,303,0.813555
5,2123,2111,-12,-0.03222
5,2155,1723,-432,-1.15992
5,1766,1853,87,0.233595
5,1895,2206,311,0.835035
5,2249,1661,-588,-1.57878
5,1703,1635,-68,-0.18258
5,1679,1721,42,0.11277
5,1763,1960,197,0.528945
5,2002,2044,42,0.11277
5,2087,1495,-592,-1.58952
5,1539,1679,140,0.3759
5,1723,1557,-166,-0.44571
5,1599,2116,517,1.388145
5,2159,2052,-107,-0.287295
5,2095,2034,-61,-0.163785
5,2078,1691,-387,-1.039095
5,1734,2096,362,0.97197
5,2137,2392,255,0.684675
5,2431,1475,-956,-2.56686
5,1518,1827,309,0.829665
5,1868,1862,-6,-0.01611
5,1902,1992,90,0.24165
5,2033,2085,52,0.13962
5,2130,2074,-56,-0.15036
5,2115,1787,-328,-0.88068
5,1829,1919,90,0.24165
5,1964,1945,-19,-0.051015
5,1988,1659,-329,-0.883365
5,1703,1795,92,0.24702
5,1837,2199,362,0.97197
5,2243,1759,-484,-1.29954
5,1799,1693,-106,-0.28461
5,1734,1984,250,0.67125
5,2026,2222,196,0.52626
5,2267,2106,-161,-0.432285
5,2149,1623,-526,-1.41231
5,1664,2116,452,1.21362
5,2161,1885,-276,-0.74106
5,1930,2011,81,0.217485
5,2054,2146,92,0.24702
5,2189,1703,-486,-1.30491
5,1745,1735,-10,-0.02685
5,1776,1917,141,0.378585
5,1960,1741,-219,-0.588015
5,1781,1973,192,0.51552
5,2013,1886,-127,-0.340995
5,1932,1549,-383,-1.028355
5,1592,2155,563,1.511655
5,2199,2032,-167,-0.448395
5,2075,2266,191,0.512835
5,2303,1715,-588,-1.57878
5,1757,2006,249,0.668565
5,2047,2242,195,0.523575
5,2286,1543,-743,-1.994955
5,1585,2144,559,1.500915
5,2188,1968,-220,-0.5907
5,2010,2141,131,0.351735
5,2185,2019,-166,-0.44571
5,2061,1677,-384,-1.03104
5,1717,1861,144,0.38664
5,1901,2052,151,0.405435
5,2095,2083,-12,-0.03222
5,2126,2211,85,0.228225
5,2255,1717,-538,-1.44453
5,1759,2208,449,1.205565
5,2252,1545,-707,-1.898295
5,1589,1735,146,0.39201
5,1779,1773,-6,-0.01611
5,1814,1795,-19,-0.051015
5,1837,2135,298,0.80013
5,2175,2047,-128,-0.34368
5,2092,1705,-387,-1.039095
5,1749,2096,347,0.931695
5,2141,1811,-330,-0.88605
5,1852,1877,25,0.067125
5,1920,1847,-73,-0.196005
5,1888,1449,-439,-1.178715
5,1491,1993,502,1.34787
5,2036,1762,-274,-0.73569
5,1804,2010,206,0.55311
5,2047,1663,-384,-1.03104
5,1707,1957,250,0.67125
5,1999,1667,-332,-0.89142
5,1709,2262,553,1.484805
5,2303,1925,-378,-1.01493
5,1967,1891,-76,-0.20406
5,1936,1707,-229,-0.614865
5,1750,1523,-227,-0.609495
5,1567,1969,402,1.07937
5,2010,1950,-60,-0.1611
5,1991,2179,188,0.50478
5,2223,2367,144,0.38664
5,2411,2084,-327,-0.877995
5,2127,1745,-382,-1.02567
5,1788,1879,91,0.244335
5,1922,2127,205,0.550425
5,2172,1485,-687,-1.844595
5,1526,2033,507,1.361295
5,2076,1595,-481,-1.291485
5,1637,1891,254,0.68199
5,1936,2237,301,0.808185
5,2283,1701,-582,-1.56267
5,1742,2106,364,0.97734
5,2149,2084,-65,-0.174525
5,2127,2119,-8,-0.02148
5,2163,1741,-422,-1.13307
5,1781,2091,310,0.83235
5,2134,2079,-55,-0.147675
5,2123,1731,-392,-1.05252
5,1775,1459,-316,-0.84846
5,1500,2024,524,1.40694
5,2067,1942,-125,-0.335625
5,1983,1769,-214,-0.57459
5,1812,1957,145,0.389325
5,2001,2311,310,0.83235
5,2355,1976,-379,-1.017615
5,2021,1791,-230,-0.61755
5,1834,1719,-115,-0.308775
5,1763,2276,513,1.377405
5,2319,1573,-746,-2.00301
5,1615,2034,419,1.125015
5,2076,1803,-273,-0.733005
5,1844,1944,100,0.2685
5,1984,1707,-277,-0.743745
5,1748,1783,35,0.093975
5,1824,1715,-109,-0.292665
5,1757,1487,-270,-0.72495
5,1529,1634,105,0.281925
5,1675,1823,148,0.39738
5,1863,2269,406,1.09011
5,2313,1781,-532,-1.42842
5,1823,1964,141,0.378585
5,2006,1685,-321,-0.861885
5,1726,1932,206,0.55311
5,1974,1755,-219,-0.588015
5,1794,1734,-60,-0.1611
5,1775,1759,-16,-0.04296
5,1803,2371,568,1.52508
5,2415,2040,-375,-1.006875
5,2083,2375,292,0.78402
5,2417,1935,-482,-1.29417
5,1979,2128,149,0.400065
5,2171,1789,-382,-1.02567
5,1830,2405,575,1.543875
5,2447,2019,-428,-1.14918
5,2061,1737,-324,-0.86994
5,1779,1873,94,0.25239
5,1917,2016,99,0.265815
5,2059,1679,-380,-1.0203
5,1722,2178,456,1.22436
5,2221,2054,-167,-0.448395
5,2099,1663,-436,-1.17066
5,1707,2024,317,0.851145
5,2066,2006,-60,-0.1611
5,2047,1719,-328,-0.88068
5,1760,1956,196,0.52626
5,1997,1984,-13,-0.034905
5,2026,2063,37,0.099345
5,2105,2403,298,0.80013
5,2446,2126,-320,-0.8592
5,2169,2214,45,0.120825
5,2255,2243,-12,-0.03222
5,2287,2119,-168,-0.45108
5,2165,2206,41,0.110085
5,2250,2092,-158,-0.42423
5,2135,2190,55,0.147675
5,2233,1851,-382,-1.02567
5,1891,1567,-324,-0.86994
5,1608,1746,138,0.37053
5,1788,1469,-319,-0.856515
5,1510,1968,458,1.22973
5,2010,1691,-319,-0.856515
5,1733,1875,142,0.38127
5,1917,2015,98,0.26313
5,2055,2133,78,0.20943
5,2175,1647,-528,-1.41768
5,1691,1567,-124,-0.33294
5,1612,1503,-109,-0.292665
5,1547,1996,449,1.205565
5,2037,1603,-434,-1.16529
5,1644,1950,306,0.82161
5,1991,1936,-55,-0.147675
5,1979,1917,-62,-0.16647
5,1964,2158,194,0.52089
5,2203,1719,-484,-1.29954
5,1760,2226,466,1.25121
5,2271,2098,-173,-0.464505
5,2143,1663,-480,-1.2888
5,1707,1961,254,0.68199
5,2004,2161,157,0.421545
5,2206,1985,-221,-0.593385
5,2026,2117,91,0.244335
5,2159,1727,-432,-1.15992
5,1770,1915,145,0.389325
5,1960,1899,-61,-0.163785
5,1944,1944,0,0
5,1983,1759,-224,-0.60144
5,1801,1994,193,0.518205
5,2037,1707,-330,-0.88605
5,1748,1593,-155,-0.416175
5,1634,2211,577,1.549245
5,2254,1807,-447,-1.200195
5,1851,1831,-20,-0.0537
5,1873,1455,-418,-1.12233
5,1501,1695,194,0.52089
5,1736,1881,145,0.389325
5,1928,1818,-110,-0.29535
5,1859,2060,201,0.539685
5,2105,2041,-64,-0.17184
5,2085,1655,-430,-1.15455
5,1697,2100,403,1.082055
5,2143,1661,-482,-1.29417
5,1704,1487,-217,-0.582645
5,1530,1733,203,0.545055
5,1775,2028,253,0.679305
5,2071,1547,-524,-1.40694
5,1589,1999,410,1.10085
5,2041,2089,48,0.12888
5,2134,1557,-577,-1.549245
5,1598,2068,470,1.26195
5,2111,2257,146,0.39201
5,2301,2143,-158,-0.42423
5,2187,1915,-272,-0.73032
5,1961,1851,-110,-0.29535
5,1892,2263,371,0.996135
5,2303,1831,-472,-1.26732
5,1873,1557,-316,-0.84846
5,1599,1642,43,0.115455
5,1683,1775,92,0.24702
5,1818,2180,362,0.97197
5,2223,1591,-632,-1.69692
5,1633,1847,214,0.57459
5,1892,2193,301,0.808185
5,2239,1862,-377,-1.012245
5,1903,1631,-272,-0.73032
5,1677,2392,715,1.919775
5,2431,2224,-207,-0.555795
5,2271,1787,-484,-1.29954
5,1829,2185,356,0.95586
5,2228,1903,-325,-0.872625
5,1952,2086,134,0.35979
5,2129,2073,-56,-0.15036
5,2115,1743,-372,-0.99882
5,1787,1932,145,0.389325
5,1974,2020,46,0.12351
5,2062,1695,-367,-0.985395
5,1739,1629,-110,-0.29535
5,1671,1523,-148,-0.39738
5,1567,1936,369,0.990765
5,1979,2289,310,0.83235
5,2335,1863,-472,-1.26732
5,1903,1799,-104,-0.27924
5,1843,1948,105,0.281925
5,1991,1934,-57,-0.153045
5,1976,2331,355,0.953175
5,2374,2116,-258,-0.69273
5,2159,2267,108,0.28998
5,2311,1526,-785,-2.107725
5,1567,1815,248,0.66588
5,1856,2075,219,0.588015
5,2118,2016,-102,-0.27387
5,2059,2207,148,0.39738
5,2252,2244,-8,-0.02148
5,2289,2234,-55,-0.147675
5,2276,2272,-4,-0.01074
5,2317,1687,-630,-1.69155
5,1728,2145,417,1.119645
5,2189,2081,-108,-0.28998
5,2126,2328,202,0.54237
5,2371,2047,-324,-0.86994
5,2092,1715,-377,-1.012245
5,1759,2066,307,0.824295
5,2111,2000,-111,-0.298035
5,2043,2352,309,0.829665
5,2396,1855,-541,-1.452585
5,1901,1843,-58,-0.15573
5,1883,2034,151,0.405435
5,2078,2224,146,0.39201
5,2267,1685,-582,-1.56267
5,1728,1767,39,0.104715
5,1809,1765,-44,-0.11814
5,1807,2387,580,1.5573
5,2431,2116,-315,-0.845775
5,2159,2008,-151,-0.405435
5,2047,1938,-109,-0.292665
5,1980,1923,-57,-0.153045
5,1968,2279,311,0.835035
5,2323,1639,-684,-1.83654
5,1681,1991,310,0.83235
5,2036,2016,-20,-0.0537
5,2057,2264,207,0.555795
5,2310,1839,-471,-1.264635
5,1881,1919,38,0.10203
5,1962,2070,108,0.28998
5,2111,1798,-313,-0.840405
5,1839,1623,-216,-0.57996
5,1666,2152,486,1.30491
5,2195,1919,-276,-0.74106
5,1969,2028,59,0.158415
5,2071,2020,-51,-0.136935
5,2064,2046,-18,-0.04833
5,2088,1715,-373,-1.001505
5,1757,2379,622,1.67007
5,2423,2099,-324,-0.86994
5,2143,1934,-209,-0.561165
5,1977,2076,99,0.265815
5,2119,1693,-426,-1.14381
5,1737,1481,-256,-0.68736
5,1523,1940,417,1.119645
5,1983,1667,-316,-0.84846
5,1711,2225,514,1.38009
5,2270,1949,-321,-0.861885
5,1990,1615,-375,-1.006875
5,1659,2230,571,1.533135
5,2274,1791,-483,-1.296855
5,1835,2037,202,0.54237
5,2079,2124,45,0.120825
5,2167,2270,103,0.276555
5,2314,1687,-627,-1.683495
5,1728,2047,319,0.856515
5,2091,2091,0,0
5,2134,2180,46,0.12351
5,2223,1755,-468,-1.25658
5,1798,2164,366,0.98271
5,2207,1887,-320,-0.8592
5,1936,1731,-205,-0.550425
5,1772,1928,156,0.41886
5,1970,1647,-323,-0.867255
5,1687,2303,616,1.65396
5,2349,1873,-476,-1.27806
5,1915,1815,-100,-0.2685
5,1859,1595,-264,-0.70884
5,1634,1843,209,0.561165
5,1885,1837,-48,-0.12888
5,1879,2154,275,0.738375
5,2199,1935,-264,-0.70884
5,1979,1973,-6,-0.01611
5,2015,2012,-3,-0.008055
5,2055,2204,149,0.400065
5,2246,1623,-623,-1.672755
5,1665,1571,-94,-0.25239
5,1613,1767,154,0.41349
5,1807,2024,217,0.582645
5,2065,1707,-358,-0.96123
5,1747,2376,629,1.688865
5,2419,2159,-260,-0.6981
5,2203,1837,-366,-0.98271
5,1878,1883,5,0.013425
5,1928,2388,460,1.2351
5,2431,1799,-632,-1.69692
5,1842,2169,327,0.877995
5,2214,1690,-524,-1.40694
5,1731,1531,-200,-0.537
5,1571,1635,64,0.17184
5,1677,1947,270,0.72495
5,1987,1996,9,0.024165
5,2037,1783,-254,-0.68199
5,1824,1932,108,0.28998
5,1974,1972,-2,-0.00537
5,2014,1863,-151,-0.405435
5,1904,1763,-141,-0.378585
5,1803,1863,60,0.1611
5,1904,1855,-49,-0.131565
5,1895,2157,262,0.70347
5,2201,1671,-530,-1.42305
5,1713,1719,6,0.01611
5,1759,1771,12,0.03222
5,1815,2095,280,0.7518
5,2139,1939,-200,-0.537
5,1980,1827,-153,-0.410805
55,2169,2208,39,0.104715
5,2253,2396,143,0.383955
5,2439,1903,-536,-1.43916
5,1952,1617,-335,-0.899475
5,1661,1757,96,0.25776
5,1799,2059,260,0.6981
5,2103,2089,-14,-0.03759
5,2133,1551,-582,-1.56267
5,1594,2110,516,1.38546
5,2155,1982,-173,-0.464505
5,2025,2332,307,0.824295
5,2375,2202,-173,-0.464505
5,2245,1651,-594,-1.59489
5,1694,1735,41,0.110085
5,1777,1913,136,0.36516
5,1960,2206,246,0.66051
5,2249,2335,86,0.23091
5,2379,1835,-544,-1.46064
5,1878,2035,157,0.421545
5,2078,2324,246,0.66051
5,2367,2350,-17,-0.045645
5,2391,2276,-115,-0.308775
5,2319,2351,32,0.08592
5,2393,1952,-441,-1.184085
5,1992,2404,412,1.10622
5,2447,1797,-650,-1.74525
5,1839,2032,193,0.518205
5,2075,2220,145,0.389325
5,2261,1471,-790,-2.12115
5,1511,1863,352,0.94512
5,1907,2200,293,0.786705
5,2243,1649,-594,-1.59489
5,1693,1949,256,0.68736
5,1990,1981,-9,-0.024165
5,2022,1797,-225,-0.604125
5,1837,2132,295,0.792075
5,2175,1895,-280,-0.7518
5,1940,1603,-337,-0.904845
5,1647,2094,447,1.200195
5,2137,1915,-222,-0.59607
5,1960,2247,287,0.770595
5,2292,2124,-168,-0.45108
5,2168,1677,-491,-1.318335
5,1719,1711,-8,-0.02148
5,1751,2000,249,0.668565
5,2044,2023,-21,-0.056385
5,2065,1687,-378,-1.01493
5,1728,1867,139,0.373215
5,1910,1631,-279,-0.749115
5,1675,1937,262,0.70347
5,1980,1708,-272,-0.73032
5,1749,1697,-52,-0.13962
5,1739,1790,51,0.136935
5,1830,1449,-381,-1.022985
5,1491,2007,516,1.38546
5,2047,1723,-324,-0.86994
5,1764,1746,-18,-0.04833
5,1788,2196,408,1.09548
5,2239,1699,-540,-1.4499
5,1742,2047,305,0.818925
5,2089,1915,-174,-0.46719
5,1962,1942,-20,-0.0537
5,1983,1869,-114,-0.30609
5,1910,2156,246,0.66051
5,2200,1972,-228,-0.61218
5,2014,2159,145,0.389325
5,2202,1821,-381,-1.022985
5,1861,2069,208,0.55848
5,2111,1847,-264,-0.70884
5,1889,1465,-424,-1.13844
5,1506,2183,677,1.817745
5,2226,1727,-499,-1.339815
5,1769,1759,-10,-0.02685
5,1797,2000,203,0.545055
5,2043,1980,-63,-0.169155
5,2021,1795,-226,-0.60681
5,1835,1775,-60,-0.1611
5,1818,1969,151,0.405435
5,2011,1743,-268,-0.71958
5,1784,1871,87,0.233595
5,1912,1683,-229,-0.614865
5,1726,1659,-67,-0.179895
5,1700,1791,91,0.244335
5,1834,1717,-117,-0.314145
5,1759,2061,302,0.81087
5,2103,2351,248,0.66588
5,2395,2020,-375,-1.006875
5,2063,1679,-384,-1.03104
5,1719,2082,363,0.974655
5,2125,2158,33,0.088605
5,2202,2401,199,0.534315
5,2444,2120,-324,-0.86994
5,2166,2248,82,0.22017
5,2291,1861,-430,-1.15455
5,1903,2212,309,0.829665
5,2255,1515,-740,-1.9869
5,1556,2069,513,1.377405
5,2111,1992,-119,-0.319515
5,2035,2232,197,0.528945
5,2276,1627,-649,-1.742565
5,1669,1511,-158,-0.42423
5,1556,1545,-11,-0.029535
5,1587,1934,347,0.931695
5,1976,1907,-69,-0.185265
5,1956,1523,-433,-1.162605
5,1567,1964,397,1.065945
5,2006,1881,-125,-0.335625
5,1926,1499,-427,-1.146495
5,1543,1675,132,0.35442
5,1719,1807,88,0.23628
5,1848,1573,-275,-0.738375
5,1615,2179,564,1.51434
5,2223,1731,-492,-1.32102
5,1775,2182,407,1.092795
5,2223,2156,-67,-0.179895
5,2199,2184,-15,-0.040275
5,2228,1843,-385,-1.033725
5,1884,1663,-221,-0.593385
5,1704,1687,-17,-0.045645
5,1729,2394,665,1.785525
5,2437,2062,-375,-1.006875
5,2107,2350,243,0.652455
5,2392,2011,-381,-1.022985
5,2053,2140,87,0.233595
5,2182,2005,-177,-0.475245
5,2047,1926,-121,-0.324885
5,1968,2220,252,0.67662
5,2263,1677,-586,-1.57341
5,1719,1605,-114,-0.30609
5,1645,2360,715,1.919775
5,2403,1815,-588,-1.57878
5,1856,1735,-121,-0.324885
5,1777,2083,306,0.82161
5,2127,1593,-534,-1.43379
5,1633,1687,54,0.14499
5,1728,1663,-65,-0.174525
5,1708,2005,297,0.797445
5,2047,1769,-278,-0.74643
5,1811,1998,187,0.502095
5,2041,2179,138,0.37053
5,2223,1887,-336,-0.90216
5,1930,1549,-381,-1.022985
5,1590,1631,41,0.110085
5,1672,1968,296,0.79476
5,2010,1581,-429,-1.151865
5,1622,1709,87,0.233595
5,1751,1691,-60,-0.1611
5,1734,1871,137,0.367845
5,1914,1742,-172,-0.46182
5,1784,1977,193,0.518205
5,2019,1531,-488,-1.31028
5,1573,2190,617,1.656645
5,2235,1847,-388,-1.04178
5,1887,1767,-120,-0.3222
5,1807,1785,-22,-0.05907
5,1827,2285,458,1.22973
5,2328,1681,-647,-1.737195
5,1724,1759,35,0.093975
5,1804,1479,-325,-0.872625
5,1521,2296,775,2.080875
5,2338,1911,-427,-1.146495
5,1954,2090,136,0.36516
5,2135,1863,-272,-0.73032
5,1905,2099,194,0.52089
5,2142,2132,-10,-0.02685
5,2175,1843,-332,-0.89142
5,1885,1983,98,0.26313
5,2024,1793,-231,-0.620235
5,1835,2023,188,0.50478
5,2066,2052,-14,-0.03759
5,2095,2185,90,0.24165
5,2231,1996,-235,-0.630975
5,2040,1871,-169,-0.453765
5,1913,1479,-434,-1.16529
5,1520,1871,351,0.942435
5,1914,2268,354,0.95049
5,2311,1875,-436,-1.17066
5,1915,1641,-274,-0.73569
5,1683,2186,503,1.350555
5,2230,2109,-121,-0.324885
5,2151,2185,34,0.09129
5,2228,1785,-443,-1.189455
5,1826,1811,-15,-0.040275
5,1855,1731,-124,-0.33294
5,1772,1855,83,0.222855
5,1899,2301,402,1.07937
5,2343,2122,-221,-0.593385
5,2165,1945,-220,-0.5907
5,1986,1911,-75,-0.201375
5,1956,2208,252,0.67662
5,2251,2127,-124,-0.33294
5,2171,1995,-176,-0.47256
5,2037,1503,-534,-1.43379
5,1547,1485,-62,-0.16647
5,1525,1771,246,0.66051
5,1813,2069,256,0.68736
5,2111,2194,83,0.222855
5,2237,2224,-13,-0.034905
5,2271,2146,-125,-0.335625
5,2191,2244,53,0.142305
5,2287,2119,-168,-0.45108
5,2163,1567,-596,-1.60026
5,1611,2177,566,1.51971
5,2222,1950,-272,-0.73032
5,1992,1551,-441,-1.184085
5,1593,1783,190,0.51015
5,1827,1970,143,0.383955
5,2013,1467,-546,-1.46601
5,1510,2370,860,2.3091
5,2415,2236,-179,-0.480615
5,2281,1741,-540,-1.4499
5,1782,2239,457,1.227045
5,2281,1855,-426,-1.14381
5,1898,1993,95,0.255075
5,2037,1901,-136,-0.36516
5,1945,2143,198,0.53163
5,2185,2173,-12,-0.03222
5,2217,1980,-237,-0.636345
5,2020,1853,-167,-0.448395
5,1893,1463,-430,-1.15455
5,1506,1859,353,0.947805
5,1902,2059,157,0.421545
5,2103,1875,-228,-0.61218
5,1917,1960,43,0.115455
5,2004,1775,-229,-0.614865
5,1817,1535,-282,-0.75717
5,1577,1723,146,0.39201
5,1765,1853,88,0.23628
5,1895,2036,141,0.378585
5,2079,1958,-121,-0.324885
5,2000,1771,-229,-0.614865
5,1812,2006,194,0.52089
5,2047,2184,137,0.367845
5,2230,1582,-648,-1.73988
5,1624,2394,770,2.06745
5,2437,1847,-590,-1.58415
5,1888,1663,-225,-0.604125
5,1708,2105,397,1.065945
5,2149,2079,-70,-0.18795
5,2121,1899,-222,-0.59607
5,1944,1719,-225,-0.604125
5,1761,2164,403,1.082055
5,2207,2136,-71,-0.190635
5,2175,1695,-480,-1.2888
5,1736,1771,35,0.093975
5,1815,1899,84,0.22554
5,1944,1769,-175,-0.469875
5,1811,2071,260,0.6981
5,2111,2144,33,0.088605
5,2188,1645,-543,-1.457955
5,1687,1615,-72,-0.19332
5,1660,1751,91,0.244335
5,1792,2034,242,0.64977
5,2076,1693,-383,-1.028355
5,1735,1997,262,0.70347
5,2039,1710,-329,-0.883365
5,1753,2055,302,0.81087
5,2097,1974,-123,-0.330255
5,2017,1737,-280,-0.7518
5,1779,2081,302,0.81087
5,2126,2356,230,0.61755
5,2399,1443,-956,-2.56686
5,1485,1938,453,1.216305
5,1980,2022,42,0.11277
5,2066,1883,-183,-0.491355
5,1932,2016,84,0.22554
5,2059,1887,-172,-0.46182
5,1936,2127,191,0.512835
5,2172,1791,-381,-1.022985
5,1833,1663,-170,-0.45645
5,1704,2055,351,0.942435
5,2099,2018,-81,-0.217485
5,2063,1733,-330,-0.88605
5,1775,2239,464,1.24584
5,2283,1797,-486,-1.30491
5,1838,2092,254,0.68199
5,2135,2117,-18,-0.04833
5,2161,1735,-426,-1.14381
5,1777,1503,-274,-0.73569
5,1543,1631,88,0.23628
5,1677,1984,307,0.824295
5,2028,2174,146,0.39201
5,2217,1994,-223,-0.598755
5,2035,1701,-334,-0.89679
5,1743,1727,-16,-0.04296
5,1770,1655,-115,-0.308775
5,1697,2308,611,1.640535
5,2351,1866,-485,-1.302225
5,1906,1631,-275,-0.738375
5,1674,1975,301,0.808185
5,2016,1733,-283,-0.759855
5,1773,2016,243,0.652455
5,2058,1458,-600,-1.611
5,1501,1631,130,0.34905
5,1673,1507,-166,-0.44571
5,1551,1787,236,0.63366
5,1827,1867,40,0.1074
5,1907,1471,-436,-1.17066
5,1513,2182,669,1.796265
5,2225,2304,79,0.212115
5,2350,2062,-288,-0.77328
5,2105,2027,-78,-0.20943
5,2071,2142,71,0.190635
5,2185,1895,-290,-0.77865
5,1938,1657,-281,-0.754485
5,1701,1943,242,0.64977
5,1985,2126,141,0.378585
5,2169,1675,-494,-1.32639
5,1717,1853,136,0.36516
5,1895,1863,-32,-0.08592
5,1905,1791,-114,-0.30609
5,1831,1907,76,0.20406
5,1954,1511,-443,-1.189455
5,1552,1597,45,0.120825
5,1639,1775,136,0.36516
5,1817,2018,201,0.539685
5,2060,1511,-549,-1.474065
5,1555,1479,-76,-0.20406
5,1523,2127,604,1.62174
5,2171,1891,-280,-0.7518
5,1938,2126,188,0.50478
5,2170,1948,-222,-0.59607
5,1991,1815,-176,-0.47256
5,1857,1683,-174,-0.46719
5,1723,2071,348,0.93438
5,2111,1827,-284,-0.76254
5,1869,2019,150,0.40275
5,2062,1471,-591,-1.586835
5,1513,1863,350,0.93975
5,1905,1887,-18,-0.04833
5,1932,1751,-181,-0.485985
5,1793,2351,558,1.49823
5,2396,2220,-176,-0.47256
5,2263,1563,-700,-1.8795
5,1603,2105,502,1.34787
5,2150,2016,-134,-0.35979
5,2060,1627,-433,-1.162605
5,1669,2380,711,1.909035
5,2425,1673,-752,-2.01912
5,1715,2222,507,1.361295
5,2267,1923,-344,-0.92364
5,1968,2110,142,0.38127
5,2154,2027,-127,-0.340995
5,2069,2047,-22,-0.05907
5,2091,1757,-334,-0.89679
5,1799,1767,-32,-0.08592
5,1809,1843,34,0.09129
5,1885,2022,137,0.367845
5,2063,2044,-19,-0.051015
5,2087,2112,25,0.067125
5,2157,1445,-712,-1.91172
5,1487,2245,758,2.03523
5,2291,1591,-700,-1.8795
5,1635,1925,290,0.77865
5,1970,1687,-283,-0.759855
5,1729,2227,498,1.33713
5,2270,1946,-324,-0.86994
5,1987,1555,-432,-1.15992
5,1597,2204,607,1.629795
5,2246,2161,-85,-0.228225
5,2206,1502,-704,-1.89024
5,1544,1785,241,0.647085
5,1826,2124,298,0.80013
5,2167,1719,-448,-1.20288
5,1763,2161,398,1.06863
5,2207,2127,-80,-0.2148
5,2171,2306,135,0.362475
5,2350,1797,-553,-1.484805
5,1839,1611,-228,-0.61218
5,1653,2047,394,1.05789
5,2092,1970,-122,-0.32757
5,2012,1511,-501,-1.345185
5,1553,1897,344,0.92364
5,1944,2026,82,0.22017
5,2069,1992,-77,-0.206745
5,2034,2173,139,0.373215
5,2218,2144,-74,-0.19869
5,2187,1583,-604,-1.62174
5,1624,1869,245,0.657825
5,1910,1993,83,0.222855
5,2036,2328,292,0.78402
5,2371,2188,-183,-0.491355
5,2231,2000,-231,-0.620235
5,2043,2186,143,0.383955
5,2229,2094,-135,-0.362475
5,2137,1749,-388,-1.04178
5,1792,1462,-330,-0.88605
5,1504,2216,712,1.91172
5,2261,2030,-231,-0.620235
5,2071,1567,-504,-1.35324
5,1610,2108,498,1.33713
5,2151,1923,-228,-0.61218
5,1964,1727,-237,-0.636345
5,1772,1911,139,0.373215
5,1958,2192,234,0.62829
5,2237,1483,-754,-2.02449
5,1524,1923,399,1.071315
5,1965,1791,-174,-0.46719
5,1834,1988,154,0.41349
5,2029,2166,137,0.367845
5,2207,1773,-434,-1.16529
5,1815,1807,-8,-0.02148
5,1849,1985,136,0.36516
5,2028,1694,-334,-0.89679
5,1735,2087,352,0.94512
5,2131,2164,33,0.088605
5,2207,1451,-756,-2.02986
5,1495,1735,240,0.6444
5,1779,1655,-124,-0.33294
5,1699,1875,176,0.47256
5,1920,1897,-23,-0.061755
5,1944,2132,188,0.50478
5,2175,2038,-137,-0.367845
5,2079,1693,-386,-1.03641
5,1735,1599,-136,-0.36516
5,1644,2038,394,1.05789
5,2079,1791,-288,-0.77328
5,1833,2237,404,1.08474
5,2279,1591,-688,-1.84728
5,1633,1511,-122,-0.32757
5,1555,1743,188,0.50478
5,1787,1823,36,0.09666
5,1865,2160,295,0.792075
5,2205,2188,-17,-0.045645
5,2232,1907,-325,-0.872625
5,1952,1563,-389,-1.044465
5,1606,2110,504,1.35324
5,2155,1863,-292,-0.78402
5,1904,1783,-121,-0.324885
5,1826,1651,-175,-0.469875
5,1695,1515,-180,-0.4833
5,1557,2111,554,1.48749
5,2154,1763,-391,-1.049835
5,1805,1791,-14,-0.03759
5,1833,2128,295,0.792075
5,2172,1679,-493,-1.323705
5,1721,1661,-60,-0.1611
5,1703,1789,86,0.23091
5,1829,1711,-118,-0.31683
5,1753,1631,-122,-0.32757
5,1672,1878,206,0.55311
5,1920,1960,40,0.1074
5,2002,1683,-319,-0.856515
5,1725,1503,-222,-0.59607
5,1545,1739,194,0.52089
5,1779,1871,92,0.24702
5,1913,1899,-14,-0.03759
5,1946,2088,142,0.38127
5,2132,1695,-437,-1.173345
5,1738,1993,255,0.684675
5,2035,1871,-164,-0.44034
5,1912,1581,-331,-0.888735
5,1623,1925,302,0.81087
5,1967,2311,344,0.92364
5,2355,2187,-168,-0.45108
5,2230,2020,-210,-0.56385
5,2063,2099,36,0.09666
5,2143,1863,-280,-0.7518
5,1903,1471,-432,-1.15992
5,1513,1546,33,0.088605
5,1588,1683,95,0.255075
5,1727,2395,668,1.79358
5,2437,2211,-226,-0.60681
5,2255,1917,-338,-0.90753
5,1964,1747,-217,-0.582645
5,1789,2144,355,0.953175
5,2187,2167,-20,-0.0537
5,2211,1938,-273,-0.733005
5,1980,2116,136,0.36516
5,2159,1934,-225,-0.604125
5,1976,1703,-273,-0.733005
5,1745,2300,555,1.490175
5,2343,1805,-538,-1.44453
5,1847,2301,454,1.21899
5,2346,1903,-443,-1.189455
5,1948,1775,-173,-0.464505
5,1821,2019,198,0.53163
5,2062,2201,139,0.373215
5,2245,2174,-71,-0.190635
5,2218,1778,-440,-1.1814
5,1819,2175,356,0.95586
5,2219,1827,-392,-1.05252
5,1869,2065,196,0.52626
5,2108,1879,-229,-0.614865
5,1921,1859,-62,-0.16647
5,1902,2002,100,0.2685
5,2047,2082,35,0.093975
5,2126,1959,-167,-0.448395
5,2001,1779,-222,-0.59607
5,1823,1749,-74,-0.19869
5,1792,2246,454,1.21899
5,2289,1851,-438,-1.17603
5,1891,2340,449,1.205565
5,2383,2162,-221,-0.593385
5,2205,1717,-488,-1.31028
5,1759,1683,-76,-0.20406
5,1727,2124,397,1.065945
5,2166,2000,-166,-0.44571
5,2041,1551,-490,-1.31565
5,1598,2047,449,1.205565
5,2091,1647,-444,-1.19214
5,1688,2190,502,1.34787
5,2232,1687,-545,-1.463325
5,1731,2183,452,1.21362
5,2227,1715,-512,-1.37472
5,1757,2058,301,0.808185
5,2103,1871,-232,-0.62292
5,1911,1783,-128,-0.34368
5,1824,1443,-381,-1.022985
5,1487,2002,515,1.382775
5,2044,1976,-68,-0.18258
5,2016,1687,-329,-0.883365
5,1732,2394,662,1.77747
5,2439,2311,-128,-0.34368
5,2354,1915,-439,-1.178715
5,1960,1933,-27,-0.072495
5,1975,1497,-478,-1.28343
5,1539,1467,-72,-0.19332
5,1510,1607,97,0.260445
5,1648,2366,718,1.92783
5,2407,2076,-331,-0.888735
5,2119,1944,-175,-0.469875
5,1985,2238,253,0.679305
5,2282,2171,-111,-0.298035
5,2213,1823,-390,-1.04715
5,1867,1963,96,0.25776
5,2005,1992,-13,-0.034905
5,2033,2022,-11,-0.029535
5,2065,2303,238,0.63903
5,2351,2134,-217,-0.582645
55,2257,1727,-530,-1.42305
5,1769,1974,205,0.550425
5,2016,2209,193,0.518205
5,2253,1661,-592,-1.58952
5,1705,1847,142,0.38127
5,1889,2396,507,1.361295
5,2441,1642,-799,-2.145315
5,1683,2034,351,0.942435
5,2077,2158,81,0.217485
5,2201,1563,-638,-1.71303
5,1606,1964,358,0.96123
5,2006,1948,-58,-0.15573
5,1990,1821,-169,-0.453765
5,1863,1955,92,0.24702
5,1996,1667,-329,-0.883365
5,1708,1747,39,0.104715
5,1788,1883,95,0.255075
5,1928,1651,-277,-0.743745
5,1694,1835,141,0.378585
5,1878,1661,-217,-0.582645
5,1704,1999,295,0.792075
5,2041,2402,361,0.969285
5,2447,2326,-121,-0.324885
5,2367,1727,-640,-1.7184
5,1768,1960,192,0.51552
5,2001,2143,142,0.38127
5,2188,1911,-277,-0.743745
5,1960,1591,-369,-0.990765
5,1635,2400,765,2.054025
5,2444,2016,-428,-1.14918
5,2060,1571,-489,-1.312965
5,1614,1807,193,0.518205
5,1851,1743,-108,-0.28998
5,1786,2021,235,0.630975
5,2063,2318,255,0.684675
5,2362,1619,-743,-1.994955
5,1662,2228,566,1.51971
5,2271,1631,-640,-1.7184
5,1675,2334,659,1.769415
5,2377,1903,-474,-1.27269
5,1944,1979,35,0.093975
5,2020,2003,-17,-0.045645
5,2047,1980,-67,-0.179895
5,2023,1735,-288,-0.77328
5,1777,1717,-60,-0.1611
5,1759,1533,-226,-0.60681
5,1575,2392,817,2.193645
5,2435,1797,-638,-1.71303
5,1840,1471,-369,-0.990765
5,1511,1715,204,0.54774
5,1757,1583,-174,-0.46719
5,1624,1514,-110,-0.29535
5,1558,2168,610,1.63785
5,2212,1883,-329,-0.883365
5,1928,1593,-335,-0.899475
5,1635,2091,456,1.22436
5,2135,1965,-170,-0.45645
5,2008,1789,-219,-0.588015
5,1830,1669,-161,-0.432285
5,1712,2070,358,0.96123
5,2113,1887,-226,-0.60681
5,1936,1757,-179,-0.480615
5,1798,2167,369,0.990765
5,2211,1675,-536,-1.43916
5,1718,1966,248,0.66588
5,2007,2159,152,0.40812
5,2201,1601,-600,-1.611
5,1644,1699,55,0.147675
5,1742,2100,358,0.96123
5,2143,1968,-175,-0.469875
5,2009,1691,-318,-0.85383
5,1732,2195,463,1.243155
5,2239,1757,-482,-1.29417
5,1799,2153,354,0.95049
5,2195,2194,-1,-0.002685
5,2238,2341,103,0.276555
5,2383,1799,-584,-1.56804
5,1841,2351,510,1.36935
5,2394,1635,-759,-2.037915
5,1675,2236,561,1.506285
5,2279,2103,-176,-0.47256
5,2147,1663,-484,-1.29954
5,1707,2177,470,1.26195
5,2221,1646,-575,-1.543875
5,1687,2196,509,1.366665
5,2239,1911,-328,-0.88068
5,1956,1952,-4,-0.01074
5,1993,1928,-65,-0.174525
5,1974,2068,94,0.25239
5,2111,2156,45,0.120825
5,2201,2400,199,0.534315
5,2443,1855,-588,-1.57878
5,1899,2104,205,0.550425
5,2150,2029,-121,-0.324885
5,2073,1952,-121,-0.324885
5,1995,2246,251,0.673935
5,2290,2211,-79,-0.212115
5,2255,1773,-482,-1.29417
5,1815,2389,574,1.54119
5,2431,1686,-745,-2.000325
5,1729,1727,-2,-0.00537
5,1771,2025,254,0.68199
5,2068,2169,101,0.271185
5,2213,2149,-64,-0.17184
5,2193,1926,-267,-0.716895
5,1967,1899,-68,-0.18258
5,1946,2404,458,1.22973
5,2447,2294,-153,-0.410805
5,2335,2124,-211,-0.566535
5,2167,1727,-440,-1.1814
5,1771,1877,106,0.28461
5,1920,1970,50,0.13425
5,2012,2111,99,0.265815
5,2156,2293,137,0.367845
5,2335,2064,-271,-0.727635
5,2107,2047,-60,-0.1611
5,2090,2174,84,0.22554
5,2217,2104,-113,-0.303405
5,2149,1930,-219,-0.588015
5,1973,1861,-112,-0.30072
5,1903,1779,-124,-0.33294
5,1823,2220,397,1.065945
5,2265,1835,-430,-1.15455
5,1875,1811,-64,-0.17184
5,1853,2210,357,0.958545
5,2254,2397,143,0.383955
5,2442,2266,-176,-0.47256
5,2303,1707,-596,-1.60026
5,1751,1895,144,0.38664
5,1940,1513,-427,-1.146495
5,1558,1911,353,0.947805
5,1957,2046,89,0.238965
5,2087,1811,-276,-0.74106
5,1852,1483,-369,-0.990765
5,1527,2093,566,1.51971
5,2137,1695,-442,-1.18677
5,1741,1463,-278,-0.74643
5,1504,1487,-17,-0.045645
5,1529,1679,150,0.40275
5,1721,1913,192,0.51552
5,1960,1937,-23,-0.061755
5,1980,2324,344,0.92364
5,2367,1775,-592,-1.58952
5,1815,1849,34,0.09129
5,1891,1871,-20,-0.0537
5,1915,2008,93,0.249705
5,2047,2344,297,0.797445
5,2388,2111,-277,-0.743745
5,2154,2096,-58,-0.15573
5,2139,2176,37,0.099345
5,2222,2250,28,0.07518
5,2294,2080,-214,-0.57459
5,2126,1587,-539,-1.447215
5,1630,2095,465,1.248525
5,2139,1899,-240,-0.6444
5,1948,2136,188,0.50478
5,2175,1795,-380,-1.0203
5,1839,2191,352,0.94512
5,2234,2064,-170,-0.45645
5,2109,1938,-171,-0.459135
5,1979,2179,200,0.537
5,2221,1835,-386,-1.03641
5,1877,2175,298,0.80013
5,2222,1522,-700,-1.8795
5,1565,1651,86,0.23091
5,1693,2211,518,1.39083
5,2255,2196,-59,-0.158415
5,2239,1497,-742,-1.99227
5,1539,1734,195,0.523575
5,1775,1815,40,0.1074
5,1857,1477,-380,-1.0203
5,1519,1815,296,0.79476
5,1857,1727,-130,-0.34905
5,1771,2027,256,0.68736
5,2069,1895,-174,-0.46719
5,1942,1759,-183,-0.491355
5,1799,1747,-52,-0.13962
5,1792,1671,-121,-0.324885
5,1714,2282,568,1.52508
5,2325,2000,-325,-0.872625
5,2041,1765,-276,-0.74106
5,1807,2112,305,0.818925
5,2158,2092,-66,-0.17721
5,2135,1699,-436,-1.17066
5,1742,1835,93,0.249705
5,1875,2080,205,0.550425
5,2126,1945,-181,-0.485985
5,1986,2175,189,0.507465
5,2220,2004,-216,-0.57996
5,2047,1723,-324,-0.86994
5,1765,1755,-10,-0.02685
5,1795,2200,405,1.087425
5,2244,1982,-262,-0.70347
5,2024,1699,-325,-0.872625
5,1742,2207,465,1.248525
5,2247,1609,-638,-1.71303
5,1651,1599,-52,-0.13962
5,1641,1583,-58,-0.15573
5,1628,2142,514,1.38009
5,2187,2283,96,0.25776
5,2327,1845,-482,-1.29417
5,1886,2237,351,0.942435
5,2280,1535,-745,-2.000325
5,1577,1669,92,0.24702
5,1711,1693,-18,-0.04833
5,1733,2195,462,1.24047
5,2239,2380,141,0.378585
5,2423,1843,-580,-1.5573
5,1885,2348,463,1.243155
5,2391,1765,-626,-1.68081
5,1807,2158,351,0.942435
5,2203,2127,-76,-0.20406
5,2171,1578,-593,-1.592205
5,1620,2020,400,1.074
5,2062,1741,-321,-0.861885
5,1782,2087,305,0.818925
5,2131,2012,-119,-0.319515
5,2057,1726,-331,-0.888735
5,1770,1917,147,0.394695
5,1960,1891,-69,-0.185265
5,1936,1559,-377,-1.012245
5,1599,1703,104,0.27924
5,1746,1783,37,0.099345
5,1823,1703,-120,-0.3222
5,1747,2047,300,0.8055
5,2094,2241,147,0.394695
5,2285,1503,-782,-2.09967
5,1544,1695,151,0.405435
5,1734,2097,363,0.974655
5,2141,1717,-424,-1.13844
5,1760,1751,-9,-0.024165
5,1795,2163,368,0.98808
5,2207,1932,-275,-0.738375
5,1972,2330,358,0.96123
5,2372,2211,-161,-0.432285
5,2254,2024,-230,-0.61755
5,2067,2220,153,0.410805
5,2263,1875,-388,-1.04178
5,1918,2226,308,0.82698
5,2270,1777,-493,-1.323705
5,1819,2235,416,1.11696
5,2278,2215,-63,-0.169155
5,2258,2099,-159,-0.426915
5,2143,2027,-116,-0.31146
5,2070,2057,-13,-0.034905
5,2100,1823,-277,-0.743745
5,1865,2132,267,0.716895
5,2175,2381,206,0.55311
5,2425,2316,-109,-0.292665
5,2359,2133,-226,-0.60681
5,2175,1958,-217,-0.582645
5,2000,1992,-8,-0.02148
5,2039,1722,-317,-0.851145
5,1761,2229,468,1.25658
5,2271,2162,-109,-0.292665
5,2206,1778,-428,-1.14918
5,1817,2323,506,1.35861
5,2367,1563,-804,-2.15874
5,1605,2286,681,1.828485
5,2328,1851,-477,-1.280745
5,1893,1467,-426,-1.14381
5,1510,1968,458,1.22973
5,2010,2211,201,0.539685
5,2253,1731,-522,-1.40157
5,1773,1499,-274,-0.73569
5,1539,1960,421,1.130385
5,2002,1883,-119,-0.319515
5,1924,2383,459,1.232415
5,2425,1771,-654,-1.75599
5,1815,1909,94,0.25239
5,1956,1675,-281,-0.754485
5,1716,2182,466,1.25121
5,2226,1801,-425,-1.141125
5,1843,2198,355,0.953175
5,2239,1869,-370,-0.99345
5,1910,2020,110,0.29535
5,2063,2160,97,0.260445
5,2203,1775,-428,-1.14918
5,1817,1971,154,0.41349
5,2013,1999,-14,-0.03759
5,2041,1555,-486,-1.30491
5,1598,1895,297,0.797445
5,1940,1726,-214,-0.57459
5,1768,2179,411,1.103535
5,2222,1951,-271,-0.727635
5,1993,1725,-268,-0.71958
5,1767,1711,-56,-0.15036
5,1756,2071,315,0.845775
5,2111,2161,50,0.13425
5,2206,1879,-327,-0.877995
5,1921,1595,-326,-0.87531
5,1635,2104,469,1.259265
5,2149,1823,-326,-0.87531
5,1865,1853,-12,-0.03222
5,1893,1837,-56,-0.15036
5,1879,2075,196,0.52626
5,2119,1845,-274,-0.73569
5,1886,2206,320,0.8592
5,2250,2022,-228,-0.61218
5,2067,2058,-9,-0.024165
5,2102,2358,256,0.68736
5,2399,2188,-211,-0.566535
5,2231,2019,-212,-0.56922
5,2061,1899,-162,-0.43497
5,1944,1991,47,0.126195
5,2032,2177,145,0.389325
5,2220,1849,-371,-0.996135
5,1891,2148,257,0.690045
5,2190,2384,194,0.52089
5,2425,1701,-724,-1.94394
5,1741,1782,41,0.110085
5,1825,2187,362,0.97197
5,2231,2018,-213,-0.571905
5,2061,2006,-55,-0.147675
5,2047,1989,-58,-0.15573
5,2031,1771,-260,-0.6981
5,1813,1695,-118,-0.31683
5,1737,1841,104,0.27924
5,1883,1663,-220,-0.5907
5,1705,1655,-50,-0.13425
5,1698,2012,314,0.84309
5,2055,1687,-368,-0.98808
5,1729,1561,-168,-0.45108
5,1603,1964,361,0.969285
5,2006,2324,318,0.85383
5,2367,2098,-269,-0.722265
5,2143,1759,-384,-1.03104
5,1799,2221,422,1.13307
5,2263,1831,-432,-1.15992
5,1873,1454,-419,-1.125015
5,1497,2069,572,1.53582
5,2111,1731,-380,-1.0203
5,1770,1603,-167,-0.448395
5,1646,1803,157,0.421545
5,1842,2105,263,0.706155
5,2147,1992,-155,-0.416175
5,2032,2234,202,0.54237
5,2277,1903,-374,-1.00419
5,1948,1678,-270,-0.72495
5,1718,2079,361,0.969285
5,2125,1855,-270,-0.72495
5,1899,1785,-114,-0.30609
5,1827,2136,309,0.829665
5,2180,2228,48,0.12888
5,2274,1637,-637,-1.710345
5,1680,1877,197,0.528945
5,1920,2031,111,0.298035
5,2073,1903,-170,-0.45645
5,1952,1998,46,0.12351
5,2040,2392,352,0.94512
5,2431,1972,-459,-1.232415
5,2014,1590,-424,-1.13844
5,1632,1938,306,0.82161
5,1982,1661,-321,-0.861885
5,1703,1479,-224,-0.60144
5,1523,2354,831,2.231235
5,2396,2241,-155,-0.416175
5,2283,1964,-319,-0.856515
5,2004,2261,257,0.690045
5,2303,1815,-488,-1.31028
5,1857,1699,-158,-0.42423
5,1740,1631,-109,-0.292665
5,1677,1879,202,0.54237
5,1921,2171,250,0.67125
5,2215,1785,-430,-1.15455
5,1827,2194,367,0.985395
5,2238,1707,-531,-1.425735
5,1748,2058,310,0.83235
5,2102,1827,-275,-0.738375
5,1870,1815,-55,-0.147675
5,1855,1851,-4,-0.01074
5,1893,1678,-215,-0.577275
5,1720,1763,43,0.115455
5,1804,1911,107,0.287295
5,1956,1839,-117,-0.314145
5,1881,2084,203,0.545055
5,2127,2068,-59,-0.158415
5,2111,1946,-165,-0.443025
5,1989,1511,-478,-1.28343
5,1551,1547,-4,-0.01074
5,1589,1950,361,0.969285
5,1992,1719,-273,-0.733005
5,1759,2180,421,1.130385
5,2223,1741,-482,-1.29417
5,1784,2150,366,0.98271
5,2195,2234,39,0.104715
5,2279,1787,-492,-1.32102
5,1827,2027,200,0.537
5,2070,2178,108,0.28998
5,2223,1787,-436,-1.17066
5,1830,1661,-169,-0.453765
5,1704,2268,564,1.51434
5,2311,2146,-165,-0.443025
5,2190,1657,-533,-1.431105
5,1699,1735,36,0.09666
5,1777,2190,413,1.108905
5,2234,1499,-735,-1.973475
5,1541,1894,353,0.947805
5,1940,2036,96,0.25776
5,2078,1851,-227,-0.609495
5,1891,2204,313,0.840405
5,2249,1823,-426,-1.14381
5,1865,2059,194,0.52089
5,2103,2140,37,0.099345
5,2185,1807,-378,-1.01493
5,1849,1741,-108,-0.28998
5,1782,1729,-53,-0.142305
5,1771,1607,-164,-0.44034
5,1648,2159,511,1.372035
5,2202,2035,-167,-0.448395
5,2079,1711,-368,-0.98808
5,1754,2168,414,1.11159
5,2211,1575,-636,-1.70766
5,1619,1863,244,0.65514
5,1907,2060,153,0.410805
5,2104,1671,-433,-1.162605
5,1714,2078,364,0.97734
5,2122,1847,-275,-0.738375
5,1888,2032,144,0.38664
5,2077,1915,-162,-0.43497
5,1960,2163,203,0.545055
5,2206,2090,-116,-0.31146
5,2134,2085,-49,-0.131565
5,2127,2178,51,0.136935
5,2221,2063,-158,-0.42423
5,2106,2210,104,0.27924
5,2254,1719,-535,-1.436475
5,1761,2182,421,1.130385
5,2225,1477,-748,-2.00838
5,1520,2248,728,1.95468
5,2290,1555,-735,-1.973475
5,1596,2106,510,1.36935
5,2151,1767,-384,-1.03104
5,1811,2070,259,0.695415
5,2111,2249,138,0.37053
5,2293,1707,-586,-1.57341
5,1751,2114,363,0.974655
5,2158,2307,149,0.400065
5,2351,1499,-852,-2.28762
5,1541,2368,827,2.220495
5,2411,1935,-476,-1.27806
5,1976,1759,-217,-0.582645
5,1799,1999,200,0.537
5,2042,1619,-423,-1.135755
5,1662,1853,191,0.512835
5,1895,1843,-52,-0.13962
5,1885,2034,149,0.400065
5,2075,2012,-63,-0.169155
5,2054,2044,-10,-0.02685
5,2087,2334,247,0.663195
5,2377,1837,-540,-1.4499
5,1877,2136,259,0.695415
5,2175,1755,-420,-1.1277
5,1793,1687,-106,-0.28461
5,1729,1659,-70,-0.18795
5,1702,2169,467,1.253895
5,2213,1478,-735,-1.973475
5,1519,2187,668,1.79358
5,2231,1853,-378,-1.01493
5,1895,2092,197,0.528945
5,2135,1715,-420,-1.1277
5,1758,1966,208,0.55848
5,2009,1578,-431,-1.157235
5,1619,2130,511,1.372035
5,2174,1964,-210,-0.56385
5,2006,1579,-427,-1.146495
5,1622,1932,310,0.83235
5,1973,1551,-422,-1.13307
5,1593,1956,363,0.974655
5,1997,1723,-274,-0.73569
5,1764,1807,43,0.115455
5,1848,1996,148,0.39738
5,2040,1928,-112,-0.30072
5,1970,2211,241,0.647085
5,2255,1507,-748,-2.00838
5,1551,2168,617,1.656645
5,2213,1575,-638,-1.71303
5,1615,1862,247,0.663195
5,1903,1575,-328,-0.88068
5,1617,1869,252,0.67662
5,1911,2012,101,0.271185
5,2055,2152,97,0.260445
5,2196,2127,-69,-0.185265
5,2171,2062,-109,-0.292665
5,2103,1719,-384,-1.03104
5,1763,2013,250,0.67125
5,2055,1727,-328,-0.88068
5,1771,1505,-266,-0.71421
5,1546,1581,35,0.093975
5,1622,1663,41,0.110085
5,1705,1902,197,0.528945
5,1946,1671,-275,-0.738375
5,1712,2135,423,1.135755
5,2175,2175,0,0
5,2219,1631,-588,-1.57878
5,1671,1763,92,0.24702
5,1803,1695,-108,-0.28998
5,1737,2099,362,0.97197
5,2143,2017,-126,-0.33831
5,2059,1519,-540,-1.4499
5,1562,1972,410,1.10085
5,2013,2008,-5,-0.013425
5,2047,1875,-172,-0.46182
5,1920,1707,-213,-0.571905
5,1747,2098,351,0.942435
5,2140,2131,-9,-0.024165
5,2175,1486,-689,-1.849965
5,1528,1984,456,1.22436
5,2025,2223,198,0.53163
5,2266,2204,-62,-0.16647
5,2247,1977,-270,-0.72495
5,2019,1849,-170,-0.45645
5,1891,1571,-320,-0.8592
5,1615,1815,200,0.537
5,1857,2052,195,0.523575
5,2094,1974,-120,-0.3222
5,2015,1797,-218,-0.58533
5,1839,2303,464,1.24584
5,2346,2237,-109,-0.292665
5,2279,1968,-311,-0.835035
5,2010,1471,-539,-1.447215
5,1514,2076,562,1.50897
5,2119,2111,-8,-0.02148
5,2155,1783,-372,-0.99882
5,1825,1983,158,0.42423
5,2024,1754,-270,-0.72495
5,1797,2261,464,1.24584
5,2303,1668,-635,-1.704975
5,1708,1915,207,0.555795
55,2311,1671,-640,-1.7184
5,1715,2014,299,0.802815
5,2056,2100,44,0.11814
5,2143,1970,-173,-0.464505
5,2013,1523,-490,-1.31565
5,1567,1977,410,1.10085
5,2019,2115,96,0.25776
5,2156,1475,-681,-1.828485
5,1517,2026,509,1.366665
5,2069,1751,-318,-0.85383
5,1792,2160,368,0.98808
5,2203,2132,-71,-0.190635
5,2175,2010,-165,-0.443025
5,2054,1944,-110,-0.29535
5,1987,1770,-217,-0.582645
5,1811,1903,92,0.24702
5,1952,1723,-229,-0.614865
5,1766,1919,153,0.410805
5,1968,2173,205,0.550425
5,2218,1639,-579,-1.554615
5,1679,2040,361,0.969285
5,2083,1547,-536,-1.43916
5,1590,2215,625,1.678125
5,2255,1779,-476,-1.27806
5,1819,1969,150,0.40275
5,2011,1483,-528,-1.41768
5,1523,2074,551,1.479435
5,2117,1791,-326,-0.87531
5,1831,1930,99,0.265815
5,1973,1693,-280,-0.7518
5,1735,1835,100,0.2685
5,1877,2080,203,0.545055
5,2125,2267,142,0.38127
5,2311,1613,-698,-1.87413
5,1655,2376,721,1.935885
5,2419,1839,-580,-1.5573
5,1883,2146,263,0.706155
5,2190,1867,-323,-0.867255
5,1908,2054,146,0.39201
5,2097,2085,-12,-0.03222
5,2127,2014,-113,-0.303405
5,2057,1949,-108,-0.28998
5,1990,2243,253,0.679305
5,2287,1543,-744,-1.99764
5,1583,2192,609,1.635165
5,2236,1539,-697,-1.871445
5,1581,1823,242,0.64977
5,1867,1701,-166,-0.44571
5,1741,1843,102,0.27387
5,1887,1879,-8,-0.02148
5,1920,1799,-121,-0.324885
5,1843,1471,-372,-0.99882
5,1511,2391,880,2.3628
5,2431,2283,-148,-0.39738
5,2326,2105,-221,-0.593385
5,2150,2184,34,0.09129
5,2229,1954,-275,-0.738375
5,1996,1723,-273,-0.733005
5,1764,1956,192,0.51552
5,1999,1619,-380,-1.0203
5,1662,1803,141,0.378585
5,1846,1990,144,0.38664
5,2031,2082,51,0.136935
5,2125,1911,-214,-0.57459
5,1956,1851,-105,-0.281925
5,1893,1635,-258,-0.69273
5,1678,1731,53,0.142305
5,1773,1503,-270,-0.72495
5,1545,2218,673,1.807005
5,2263,2206,-57,-0.153045
5,2247,1505,-742,-1.99227
5,1551,1583,32,0.08592
5,1627,1984,357,0.958545
5,2024,1695,-329,-0.883365
5,1739,1583,-156,-0.41886
5,1626,1515,-111,-0.298035
5,1558,2233,675,1.812375
5,2278,1695,-583,-1.565355
5,1735,1777,42,0.11277
5,1819,1706,-113,-0.303405
5,1750,2098,348,0.93438
5,2143,1881,-262,-0.70347
5,1921,2079,158,0.42423
5,2122,1954,-168,-0.45108
5,1997,1775,-222,-0.59607
5,1817,1705,-112,-0.30072
5,1745,1727,-18,-0.04833
5,1770,2077,307,0.824295
5,2121,1591,-530,-1.42305
5,1633,2152,519,1.393515
5,2199,1928,-271,-0.727635
5,1970,1659,-311,-0.835035
5,1700,1651,-49,-0.131565
5,1694,1795,101,0.271185
5,1837,1727,-110,-0.29535
5,1769,2028,259,0.695415
5,2070,1745,-325,-0.872625
5,1787,1527,-260,-0.6981
5,1571,1985,414,1.11159
5,2028,2282,254,0.68199
5,2325,2214,-111,-0.298035
5,2255,2248,-7,-0.018795
5,2291,1607,-684,-1.83654
5,1649,1639,-10,-0.02685
5,1681,1779,98,0.26313
5,1821,2240,419,1.125015
5,2284,1554,-730,-1.96005
5,1596,1599,3,0.008055
5,1641,1733,92,0.24702
5,1772,2134,362,0.97197
5,2175,1547,-628,-1.68618
5,1588,1747,159,0.426915
5,1789,1997,208,0.55848
5,2041,1521,-520,-1.3962
5,1563,1615,52,0.13962
5,1655,1755,100,0.2685
5,1797,1950,153,0.410805
5,1991,2188,197,0.528945
5,2233,1803,-430,-1.15455
5,1843,1737,-106,-0.28461
5,1777,1923,146,0.39201
5,1968,1683,-285,-0.765225
5,1726,1765,39,0.104715
5,1807,1545,-262,-0.70347
5,1585,2163,578,1.55193
5,2207,1986,-221,-0.593385
5,2028,1643,-385,-1.033725
5,1685,1727,42,0.11277
5,1768,2283,515,1.382775
5,2327,2108,-219,-0.588015
5,2151,1673,-478,-1.28343
5,1715,1661,-54,-0.14499
5,1703,2217,514,1.38009
5,2262,2154,-108,-0.28998
5,2199,2191,-8,-0.02148
5,2234,2124,-110,-0.29535
5,2169,1795,-374,-1.00419
5,1834,2193,359,0.963915
5,2236,1803,-433,-1.162605
5,1844,1471,-373,-1.001505
5,1514,1715,201,0.539685
5,1757,1952,195,0.523575
5,1994,2144,150,0.40275
5,2187,1663,-524,-1.40694
5,1707,1971,264,0.70884
5,2012,1841,-171,-0.459135
5,1883,1767,-116,-0.31146
5,1811,1593,-218,-0.58533
5,1635,1677,42,0.11277
5,1719,2243,524,1.40694
5,2286,1905,-381,-1.022985
5,1952,1679,-273,-0.733005
5,1721,1972,251,0.673935
5,2014,1843,-171,-0.459135
5,1884,1939,55,0.147675
5,1982,1711,-271,-0.727635
5,1754,2177,423,1.135755
5,2223,2058,-165,-0.443025
5,2103,1685,-418,-1.12233
5,1727,1879,152,0.40812
5,1920,1666,-254,-0.68199
5,1709,1597,-112,-0.30072
5,1639,1471,-168,-0.45108
5,1515,2191,676,1.81506
5,2233,2175,-58,-0.15573
5,2219,1631,-588,-1.57878
5,1674,2040,366,0.98271
5,2083,2029,-54,-0.14499
5,2072,2022,-50,-0.13425
5,2065,2218,153,0.410805
5,2261,1773,-488,-1.31028
5,1815,1445,-370,-0.99345
5,1489,1887,398,1.06863
5,1936,1655,-281,-0.754485
5,1701,2374,673,1.807005
5,2417,2096,-321,-0.861885
5,2141,1663,-478,-1.28343
5,1703,1494,-209,-0.561165
5,1536,2166,630,1.69155
5,2211,1887,-324,-0.86994
5,1932,1978,46,0.12351
5,2019,1855,-164,-0.44034
5,1901,1879,-22,-0.05907
5,1920,1659,-261,-0.700785
5,1700,2168,468,1.25658
5,2213,1984,-229,-0.614865
5,2027,2181,154,0.41349
5,2223,2164,-59,-0.158415
5,2207,1667,-540,-1.4499
5,1709,2173,464,1.24584
5,2215,1940,-275,-0.738375
5,1983,1871,-112,-0.30072
5,1913,1851,-62,-0.16647
5,1892,2204,312,0.83772
5,2247,1914,-333,-0.894105
5,1960,2047,87,0.233595
5,2094,1930,-164,-0.44034
5,1972,1699,-273,-0.733005
5,1739,2056,317,0.851145
5,2101,2042,-59,-0.158415
5,2083,1815,-268,-0.71958
5,1857,2266,409,1.098165
5,2309,1994,-315,-0.845775
5,2039,2073,34,0.09129
5,2119,1493,-626,-1.68081
5,1536,1679,143,0.383955
5,1721,1976,255,0.684675
5,2017,1695,-322,-0.86457
5,1735,2197,462,1.24047
5,2239,1847,-392,-1.05252
5,1888,1675,-213,-0.571905
5,1718,1960,242,0.64977
5,2000,1883,-117,-0.314145
5,1928,1651,-277,-0.743745
5,1691,1958,267,0.716895
5,1999,2096,97,0.260445
5,2140,1811,-329,-0.883365
5,1851,1958,107,0.287295
5,1998,2152,154,0.41349
5,2197,1557,-640,-1.7184
5,1599,1749,150,0.40275
5,1792,2303,511,1.372035
5,2350,1827,-523,-1.404255
5,1866,2130,264,0.70884
5,2173,1749,-424,-1.13844
5,1792,2200,408,1.09548
5,2241,1607,-634,-1.70229
5,1649,2109,460,1.2351
5,2151,1994,-157,-0.421545
5,2038,1453,-585,-1.570725
5,1497,1529,32,0.08592
5,1572,1779,207,0.555795
5,1821,1651,-170,-0.45645
5,1695,1747,52,0.13962
5,1792,1933,141,0.378585
5,1973,2068,95,0.255075
5,2111,1948,-163,-0.437655
5,1989,1609,-380,-1.0203
5,1651,2062,411,1.103535
5,2105,2047,-58,-0.15573
5,2089,1444,-645,-1.731825
5,1487,1737,250,0.67125
5,1779,1815,36,0.09666
5,1856,2115,259,0.695415
5,2158,1683,-475,-1.275375
5,1723,1932,209,0.561165
5,1975,1653,-322,-0.86457
5,1695,1903,208,0.55848
5,1952,1992,40,0.1074
5,2034,1930,-104,-0.27924
5,1973,1599,-374,-1.00419
5,1641,2099,458,1.22973
5,2142,1976,-166,-0.44571
5,2018,1901,-117,-0.314145
5,1948,1887,-61,-0.163785
5,1932,1547,-385,-1.033725
5,1590,2160,570,1.53045
5,2206,1731,-475,-1.275375
5,1773,1725,-48,-0.12888
5,1767,1557,-210,-0.56385
5,1598,1948,350,0.93975
5,1991,2141,150,0.40275
5,2184,1651,-533,-1.431105
5,1695,1839,144,0.38664
5,1883,2187,304,0.81624
5,2232,1535,-697,-1.871445
5,1575,2247,672,1.80432
5,2291,2078,-213,-0.571905
5,2123,1687,-436,-1.17066
5,1729,1727,-2,-0.00537
5,1769,1707,-62,-0.16647
5,1748,2218,470,1.26195
5,2261,1845,-416,-1.11696
5,1887,1871,-16,-0.04296
5,1915,2014,99,0.265815
5,2055,2056,1,0.002685
5,2099,2298,199,0.534315
5,2341,2018,-323,-0.867255
5,2062,1531,-531,-1.425735
5,1571,2142,571,1.533135
5,2186,1699,-487,-1.307595
5,1741,1989,248,0.66588
5,2031,2337,306,0.82161
5,2382,1703,-679,-1.823115
5,1743,1845,102,0.27387
5,1887,2140,253,0.679305
5,2183,2120,-63,-0.169155
5,2166,2098,-68,-0.18258
5,2141,1759,-382,-1.02567
5,1803,1847,44,0.11814
5,1889,2195,306,0.82161
5,2239,2332,93,0.249705
5,2375,1996,-379,-1.017615
5,2038,1455,-583,-1.565355
5,1495,1755,260,0.6981
5,1793,1467,-326,-0.87531
5,1510,1960,450,1.20825
5,2004,2198,194,0.52089
5,2241,2335,94,0.25239
5,2379,2162,-217,-0.582645
5,2206,1879,-327,-0.877995
5,1921,1903,-18,-0.04833
5,1948,1678,-270,-0.72495
5,1720,2340,620,1.6647
5,2382,2219,-163,-0.437655
5,2262,1988,-274,-0.73569
5,2028,1968,-60,-0.1611
5,2009,1543,-466,-1.25121
5,1586,1727,141,0.378585
5,1769,1643,-126,-0.33831
5,1683,1726,43,0.115455
5,1767,1767,0,0
5,1809,1487,-322,-0.86457
5,1530,2045,515,1.382775
5,2087,1977,-110,-0.29535
5,2017,1493,-524,-1.40694
5,1537,1739,202,0.54237
5,1779,1449,-330,-0.88605
5,1491,1901,410,1.10085
5,1944,2244,300,0.8055
5,2287,2224,-63,-0.169155
5,2268,2218,-50,-0.13425
5,2263,1992,-271,-0.727635
5,2036,1976,-60,-0.1611
5,2019,2021,2,0.00537
5,2063,2099,36,0.09666
5,2143,2344,201,0.539685
5,2389,2222,-167,-0.448395
5,2264,1621,-643,-1.726455
5,1664,2323,659,1.769415
5,2367,2148,-219,-0.588015
5,2193,1811,-382,-1.02567
5,1853,1847,-6,-0.01611
5,1889,2144,255,0.684675
5,2188,1551,-637,-1.710345
5,1595,2363,768,2.06208
5,2407,2134,-273,-0.733005
5,2175,1917,-258,-0.69273
5,1962,2232,270,0.72495
5,2274,1743,-531,-1.425735
5,1787,2303,516,1.38546
5,2349,2241,-108,-0.28998
5,2285,1966,-319,-0.856515
5,2010,2157,147,0.394695
5,2201,1879,-322,-0.86457
5,1920,1759,-161,-0.432285
5,1803,1692,-111,-0.298035
5,1734,1952,218,0.58533
5,1994,1944,-50,-0.13425
5,1987,1931,-56,-0.15036
5,1974,1855,-119,-0.319515
5,1895,1983,88,0.23628
5,2024,1651,-373,-1.001505
5,1693,2104,411,1.103535
5,2147,2038,-109,-0.292665
5,2079,1813,-266,-0.71421
5,1855,1956,101,0.271185
5,1997,1932,-65,-0.174525
5,1974,1807,-167,-0.448395
5,1849,1835,-14,-0.03759
5,1877,1861,-16,-0.04296
5,1902,2194,292,0.78402
5,2237,2109,-128,-0.34368
5,2155,1823,-332,-0.89142
5,1866,2067,201,0.539685
5,2109,1683,-426,-1.14381
5,1724,2039,315,0.845775
5,2079,1919,-160,-0.4296
5,1964,1678,-286,-0.76791
5,1720,1979,259,0.695415
5,2018,2316,298,0.80013
5,2359,1465,-894,-2.40039
5,1506,2384,878,2.35743
5,2427,1891,-536,-1.43916
5,1936,1972,36,0.09666
5,2012,2000,-12,-0.03222
5,2045,2079,34,0.09129
5,2123,2061,-62,-0.16647
5,2106,1875,-231,-0.620235
5,1916,2210,294,0.78939
5,2255,2085,-170,-0.45645
5,2129,1479,-650,-1.74525
5,1525,1883,358,0.96123
5,1928,2180,252,0.67662
5,2223,1735,-488,-1.31028
5,1778,1938,160,0.4296
5,1983,2230,247,0.663195
5,2271,1847,-424,-1.13844
5,1888,1783,-105,-0.281925
5,1825,1555,-270,-0.72495
5,1598,1685,87,0.233595
5,1728,1815,87,0.233595
5,1857,1952,95,0.255075
5,1996,1934,-62,-0.16647
5,1977,1493,-484,-1.29954
5,1536,2314,778,2.08893
5,2358,2036,-322,-0.86457
5,2078,1597,-481,-1.291485
5,1639,1538,-101,-0.271185
5,1579,2192,613,1.645905
5,2236,1543,-693,-1.860705
5,1585,2047,462,1.24047
5,2092,1871,-221,-0.593385
5,1913,2013,100,0.2685
5,2055,1797,-258,-0.69273
5,1839,2303,464,1.24584
5,2345,1759,-586,-1.57341
5,1803,1839,36,0.09666
5,1880,1867,-13,-0.034905
5,1907,1849,-58,-0.15573
5,1891,2394,503,1.350555
5,2437,1899,-538,-1.44453
5,1944,1823,-121,-0.324885
5,1868,2120,252,0.67662
5,2165,1789,-376,-1.00956
5,1831,1976,145,0.389325
5,2017,2056,39,0.104715
5,2101,1871,-230,-0.61755
5,1915,2110,195,0.523575
5,2154,2204,50,0.13425
5,2247,1445,-802,-2.15337
5,1488,2163,675,1.812375
5,2206,2140,-66,-0.17721
5,2185,1849,-336,-0.90216
5,1890,2246,356,0.95586
5,2291,1910,-381,-1.022985
5,1956,1941,-15,-0.040275
5,1983,1919,-64,-0.17184
5,1968,1691,-277,-0.743745
5,1733,1667,-66,-0.17721
5,1711,1587,-124,-0.33294
5,1629,1457,-172,-0.46182
5,1499,1537,38,0.10203
5,1579,2084,505,1.355925
5,2127,2060,-67,-0.179895
5,2105,1463,-642,-1.72377
5,1507,2320,813,2.182905
5,2365,1611,-754,-2.02449
5,1654,2367,713,1.914405
5,2411,2034,-377,-1.012245
5,2077,1695,-382,-1.02567
5,1738,1934,196,0.52626
5,1975,2269,294,0.78939
5,2313,1671,-642,-1.72377
5,1712,2010,298,0.80013
5,2047,1719,-328,-0.88068
5,1759,1539,-220,-0.5907
5,1583,1523,-60,-0.1611
5,1564,1663,99,0.265815
5,1708,2060,352,0.94512
5,2104,1935,-169,-0.453765
5,1977,2122,145,0.389325
5,2165,2211,46,0.12351
5,2254,2132,-122,-0.32757
5,2172,2052,-120,-0.3222
5,2095,2183,88,0.23628
5,2227,1948,-279,-0.749115
5,1991,1459,-532,-1.42842
5,1503,1551,48,0.12888
5,1593,1743,150,0.40275
5,1783,1775,-8,-0.02148
5,1816,1703,-113,-0.303405
5,1747,1470,-277,-0.743745
5,1512,2028,516,1.38546
5,2071,1847,-224,-0.60144
5,1889,2139,250,0.67125
5,2183,1803,-380,-1.0203
5,1843,2200,357,0.958545
5,2242,2187,-55,-0.147675
5,2231,1487,-744,-1.99764
5,1531,2350,819,2.199015
5,2393,2058,-335,-0.899475
5,2101,1465,-636,-1.70766
5,1508,2286,778,2.08893
5,2330,1957,-373,-1.001505
5,1998,2034,36,0.09666
5,2077,1999,-78,-0.20943
5,2040,1775,-265,-0.711525
5,1818,2071,253,0.679305
5,2115,1687,-428,-1.14918
5,1728,1775,47,0.126195
5,1819,1498,-321,-0.861885
5,1540,1883,343,0.920955
5,1929,2384,455,1.221675
5,2428,1996,-432,-1.15992
5,2039,2035,-4,-0.01074
5,2079,2105,26,0.06981
5,2148,1503,-645,-1.731825
5,1547,1843,296,0.79476
5,1884,2034,150,0.40275
5,2076,1795,-281,-0.754485
5,1837,2086,249,0.668565
5,2127,1747,-380,-1.0203
5,1789,2032,243,0.652455
5,2075,1966,-109,-0.292665
5,2007,2055,48,0.12888
5,2097,1445,-652,-1.75062
5,1487,1885,398,1.06863
5,1930,1805,-125,-0.335625
5,1848,1835,-13,-0.034905
5,1875,2126,251,0.673935
5,2171,2047,-124,-0.33294
5,2094,2030,-64,-0.17184
5,2072,1743,-329,-0.883365
5,1787,1875,88,0.23628
5,1920,2122,202,0.54237
5,2163,1936,-227,
5,1980,1953,-27,
5,1995,1819,-176,
5,1859,1591,-268,
5,1635,2145,510,
5,2190,1903,-287,
5,1948,1829,-119,
5,1869,1911,42,
5,1954,1727,-227,
5,1770,1817,47,
5,1856,1471,-385,
5,1517,1771,254,
5,1811,2332,521,
5,2374,1847,-527,
5,1888,1726,-162,
5,1766,1661,-105,
5,1702,1743,41,
5,1787,2248,461,
5,2289,2340,51,
5,2382,2216,-166,
5,2259,1998,-261,
5,2040,1936,-104,
5,1979,1811,-168,
55,1956,2220,264,
5,2264,1934,-330,
5,1975,2023,48,
5,2065,1751,-314,
5,1794,1996,202,
5,2039,2133,94,
5,2175,1897,-278,
5,1944,2084,140,
5,2127,2025,-102,
5,2066,2370,304,
5,2413,2247,-166,
5,2291,1914,-377,
5,1960,1952,-8,
5,1994,1942,-52,
5,1983,2182,199,
5,2225,2264,39,
5,2303,1927,-376,
5,1970,1485,-485,
5,1528,1571,43,
5,1613,1565,-48,
5,1607,1978,371,
5,2019,1495,-524,
5,1538,1637,99,
5,1679,1567,-112,
5,1611,2134,523,
5,2175,2064,-111,
5,2109,1999,-110,
5,2042,1619,-423,
5,1661,2383,722,
5,2428,2161,-267,
5,2205,1938,-267,
5,1980,1871,-109,
5,1911,2211,300,
5,2254,2031,-223,
5,2073,1854,-219,
5,1893,1573,-320,
5,1615,2123,508,
5,2167,1683,-484,
5,1726,2243,517,
5,2286,2224,-62,
5,2267,2206,-61,
5,2248,1984,-264,
5,2027,1903,-124,
5,1952,1881,-71,
5,1921,2338,417,
5,2379,1843,-536,
5,1885,2244,359,
5,2287,2114,-173,
5,2159,1996,-163,
5,2038,1987,-51,
5,2031,1557,-474,
5,1599,2121,522,
5,2166,1734,-432,
5,1776,2032,256,
5,2076,2114,38,
5,2159,1779,-380,
5,1820,1911,91,
5,1956,2107,151,
5,2151,2090,-61,
5,2135,2290,155,
5,2333,1959,-374,
5,2000,1893,-107,
5,1936,1839,-97,
5,1880,2194,314,
5,2237,2182,-55,
5,2227,1643,-584,
5,1686,1839,153,
5,1881,1671,-210,
5,1715,2127,412,
5,2170,1795,-375,
5,1837,1673,-164,
5,1715,2183,468,
5,2226,1911,-315,
5,1960,1791,-169,
5,1832,1718,-114,
5,1759,2111,352,
5,2154,2140,-14,
5,2183,2379,196,
5,2422,1887,-535,
5,1932,1926,-6,
5,1967,2007,40,
5,2047,1727,-320,
5,1769,2175,406,
5,2220,1479,-741,
5,1524,1822,298,
5,1864,1551,-313,
5,1593,1693,100,
5,1735,1887,152,
5,1932,1871,-61,
5,1913,1851,-62,
5,1891,1687,-204,
5,1730,2148,418,
5,2191,1663,-528,
5,1703,1707,4,
5,1749,1952,203,
5,1994,1523,-471,
5,1563,2072,509,
5,2118,1537,-581,
5,1579,1835,256,
5,1876,2342,466,
5,2383,1853,-530,
5,1895,1779,-116,
5,1821,1451,-370,
5,1493,2165,672,
5,2207,1829,-378,
5,1870,2187,317,
5,2229,1965,-264,
5,2007,2056,49,
5,2102,1940,-162,
5,1983,1855,-128,
5,1897,1938,41,
5,1981,1815,-166,
5,1857,2175,318,
5,2221,1891,-330,
5,1937,2139,202,
5,2182,2063,-119,
5,2108,2042,-66,
5,2085,1980,-105,
5,2023,1911,-112,
5,1956,2058,102,
5,2101,2044,-57,
5,2085,2024,-61,
5,2067,2164,97,
5,2207,2096,-111,
5,2140,2182,42,
5,2225,2164,-61,
5,2207,2144,-63,
5,2188,1539,-649,
5,1581,2256,675,
5,2299,1915,-384,
5,1962,1527,-435,
5,1569,1674,105,
5,1713,1972,259,
5,2016,2012,-4,
5,2055,1479,-576,
5,1522,1675,153,
5,1719,1723,4,
5,1764,2387,623,
5,2430,2006,-424,
5,2047,2094,47,
5,2137,2024,-113,
5,2066,1691,-375,
5,1733,1987,254,
5,2029,1751,-278,
5,1793,2258,465,
5,2301,1659,-642,
5,1703,2063,360,
5,2107,2198,91,
5,2242,2079,-163,
5,2123,2112,-11,
5,2156,1773,-383,
5,1815,1501,-314,
5,1544,1541,-3,
5,1582,2160,578,
5,2204,2296,92,
5,2335,2167,-168,
5,2211,1471,-740,
5,1513,1765,252,
5,1807,1959,152,
5,2001,1839,-162,
5,1881,2136,255,
5,2175,1799,-376,
5,1841,1940,99,
5,1983,2032,49,
5,2075,2117,42,
5,2161,2092,-69,
5,2137,1807,-330,
5,1852,2004,152,
5,2047,1517,-530,
5,1559,2175,616,
5,2219,1843,-376,
5,1884,2148,264,
5,2191,1563,-628,
5,1606,1971,365,
5,2012,2208,196,
5,2251,2358,107,
5,2399,1980,-419,
5,2021,1491,-530,
5,1532,2088,556,
5,2133,1807,-326,
5,1847,2160,313,
5,2205,1989,-216,
5,2031,1875,-156,
5,1917,1753,-164,
5,1792,1523,-269,
5,1565,1498,-67,
5,1539,2002,463,
5,2047,2182,135,
5,2225,1965,-260,
5,2007,1483,-524,
5,1526,1631,105,
5,1675,2237,562,
5,2281,1791,-490,
5,1834,1675,-159,
5,1717,1919,202,
5,1964,2157,193,
5,2201,1565,-636,
5,1607,2020,413,
5,2062,1477,-585,
5,1520,2200,680,
5,2243,2229,-14,
5,2272,2104,-168,
5,2147,1867,-280,
5,1910,1699,-211,
5,1743,1623,-120,
5,1666,1871,205,
5,1911,1853,-58,
5,1895,1629,-266,
5,1671,2240,569,
5,2283,2170,-113,
5,2211,1775,-436,
5,1817,2111,294,
5,2156,1936,-220,
5,1980,1861,-119,
5,1903,2112,209,
5,2155,1871,-284,
5,1915,1647,-268,
5,1691,1677,-14,
5,1720,2228,508,
5,2271,1791,-480,
5,1831,2300,469,
5,2342,1961,-381,
5,2003,1735,-268,
5,1777,2140,363,
5,2183,1747,-436,
5,1792,1735,-57,
5,1779,1763,-16,
5,1805,2167,362,
5,2211,2150,-61,
5,2195,2183,-12,
5,2227,2002,-225,
5,2046,1563,-483,
5,1605,1911,306,
5,1960,1944,-16,
5,1987,2017,30,
5,2060,1469,-591,
5,1511,1657,146,
5,1698,1956,258,
5,1998,1821,-177,
5,1863,2316,453,
5,2358,2200,-158,
5,2239,1493,-746,
5,1536,1679,143,
5,1723,1723,0,
5,1763,1863,100,
5,1907,2104,197,
5,2146,2239,93,
5,2283,1954,-329,
5,1997,1515,-482,
5,1558,1755,197,
5,1795,2102,307,
5,2146,1710,-436,
5,1753,1839,86,
5,1880,2035,155,
5,2077,1899,-178,
5,1944,1987,43,
5,2028,2177,149,
5,2221,2100,-121,
5,2143,2026,-117,
5,2070,1891,-179,
5,1936,1865,-71,
5,1906,1687,-219,
5,1731,2127,396,
5,2171,1471,-700,
5,1514,1759,245,
5,1799,1787,-12,
5,1827,2327,500,
5,2367,1988,-379,
5,2026,1961,-65,
5,2001,2150,149,
5,2194,2376,182,
5,2420,1675,-745,
5,1717,1447,-270,
5,1491,1735,244,
5,1777,2016,239,
5,2059,1623,-436,
5,1664,1863,199,
5,1904,2046,142,
5,2091,1711,-380,
5,1755,1687,-68,
5,1729,1926,197,
5,1972,1695,-277,
5,1736,2036,300,
5,2078,2065,-13,
5,2111,2052,-59,
5,2095,1801,-294,
5,1841,2126,285,
5,2171,1785,-386,
5,1827,2130,303,
5,2173,2000,-173,
5,2044,1615,-429,
5,1657,2111,454,
5,2155,1879,-276,
5,1921,1853,-68,
5,1895,2156,261,
5,2199,1561,-638,
5,1604,2057,453,
5,2103,2035,-68,
5,2077,1699,-378,
5,1740,2296,556,
5,2339,2112,-227,
5,2156,2352,196,
5,2396,1895,-501,
5,1941,1923,-18,
5,1970,1531,-439,
5,1572,2340,768,
5,2383,1587,-796,
5,1629,1501,-128,
5,1543,1948,405,
5,1989,2402,413,
5,2446,1853,-593,
5,1895,2096,201,
5,2140,1867,-273,
5,1907,1887,-20,
5,1936,2088,152,
5,2131,2122,-9,
5,2164,2046,-118,
5,2087,1807,-280,
5,1849,1782,-67,
5,1822,1815,-7,
5,1856,1685,-171,
5,1728,1759,31,
5,1800,1685,-115,
5,1728,1915,187,
5,1960,1936,-24,
5,1977,2016,39,
5,2059,1513,-546,
5,1556,1491,-65,
5,1536,2047,511,
5,2094,1713,-381,
5,1756,1879,123,
5,1923,1751,-172,
5,1794,1615,-179,
5,1659,2376,717,
5,2420,1671,-749,
5,1713,1443,-270,
5,1487,2154,667,
5,2197,1457,-740,
5,1501,1907,406,
5,1956,2192,236,
5,2235,2167,-68,
5,2211,2148,-63,
5,2191,1503,-688,
5,1544,1954,410,
5,1996,2074,78,
5,2116,1901,-215,
5,1944,2242,298,
5,2287,1491,-796,
5,1536,1992,456,
5,2034,2114,80,
5,2157,2147,-10,
5,2191,1822,-369,
5,1861,2166,305,
5,2207,2036,-171,
5,2079,1847,-232,
5,1888,1932,44,
5,1974,2175,201,
5,2218,1775,-443,
5,1817,2216,399,
5,2260,1669,-591,
5,1709,1966,257,
5,2009,1829,-180,
5,1870,1913,43,
5,1956,1891,-65,
5,1936,2139,203,
5,2175,1847,-328,
5,1891,2151,260,
5,2194,1613,-581,
5,1656,1845,189,
5,1887,1935,48,
5,1976,1699,-277,
5,1739,2149,410,
5,2194,2331,137,
5,2375,2152,-223,
5,2195,1763,-432,
5,1807,2007,200,
5,2047,1976,-71,
5,2018,1587,-431,
5,1630,1986,356,
5,2028,2271,243,
5,2315,2254,-61,
5,2297,2341,44,
5,2383,1855,-528,
5,1895,2047,152,
5,2094,2181,87,
5,2225,2010,-215,
5,2047,2140,93,
5,2183,2117,-66,
5,2163,2145,-18,
5,2190,2072,-118,
5,2117,2356,239,
5,2399,2071,-328,
5,2115,1887,-228,
5,1932,2186,254,
5,2230,2058,-172,
5,2102,2298,196,
5,2344,1699,-645,
5,1740,1527,-213,
5,1571,1928,357,
5,1971,2168,197,
5,2211,1879,-332,
5,1920,1903,-17,
5,1952,1835,-117,
5,1876,2180,304,
5,2225,2207,-18,
5,2250,2181,-69,
5,2223,2213,-10,
5,2255,1932,-323,
5,1974,1901,-73,
5,1946,1940,-6,
5,1982,1706,-276,
5,1746,2311,565,
5,2355,1980,-375,
5,2022,1747,-275,
5,1792,1871,79,
5,1913,2272,359,
5,2315,1981,-334,
5,2023,1958,-65,
5,2001,1775,-226,
5,1818,1653,-165,
5,1695,1622,-73,
5,1664,2016,352,
5,2059,1938,-121,
5,1981,2134,153,
5,2175,1899,-276,
5,1944,1567,-377,
5,1611,2017,406,
5,2060,1887,-173,
5,1936,1497,-439,
5,1541,1738,197,
5,1781,2135,354,
5,2175,2009,-166,
5,2047,1661,-386,
5,1705,1482,-223,
5,1524,1984,460,
5,2025,1811,-214,
5,1850,2150,300,
5,2194,2020,-174,
5,2063,1791,-272,
5,1833,1723,-110,
5,1763,1537,-226,
5,1579,2352,773,
5,2398,1911,-487,
5,1956,2264,308,
5,2303,1819,-484,
5,1862,2160,298,
5,2203,1759,-444,
5,1803,1791,-12,
5,1835,2350,515,
5,2393,2125,-268,
5,2171,1823,-348,
5,1869,2227,358,
5,2271,2006,-265,
5,2047,2142,95,
5,2187,2226,39,
5,2269,1983,-286,
5,2024,1645,-379,
5,1685,2002,317,
5,2045,2196,151,
5,2239,1706,-533,
5,1747,1940,193,
5,1983,1711,-272,
5,1753,1689,-64,
5,1731,1819,88,
5,1860,2325,465,
5,2367,1830,-537,
5,1871,1655,-216,
5,1697,1739,42,
5,1779,1461,-318,
5,1503,1911,408,
5,1956,1887,-69,
5,1936,1663,-273,
5,1703,2047,344,
5,2094,1811,-283,
5,1853,1959,106,
5,1999,1671,-328,
5,1714,1867,153,
5,1908,2261,353,
5,2303,2134,-169,
5,2175,2368,193,
5,2413,2088,-325,
5,2133,1960,-173,
5,2001,1831,-170,
5,1875,2074,199,
5,2119,2003,-116,
5,2047,1765,-282,
5,1806,1945,139,
5,1988,1517,-471,
5,1558,1501,-57,
5,1543,1849,306,
5,1891,2244,353,
5,2287,2152,-135,
5,2195,1971,-224,
5,2012,1899,-113,
5,1946,2187,241,
5,2231,1741,-490,
5,1783,1988,205,
5,2030,2024,-6,
5,2067,1694,-373,
5,1736,1783,47,
5,1823,2298,475,
5,2341,1851,-490,
5,1893,1731,-162,
5,1774,2128,354,
5,2171,1946,-225,
5,1988,1653,-335,
5,1695,1843,148,
5,1886,1467,-419,
5,1510,1975,465,
5,2016,1529,-487,
5,1573,1879,306,
5,1920,2177,257,
5,2220,1693,-527,
5,1736,1787,51,
5,1829,1710,-119,
5,1749,2107,358,
5,2150,2043,-107,
5,2083,1497,-586,
5,1539,1587,48,
5,1629,1984,355,
5,2027,2228,201,
5,2271,1789,-482,
5,1831,1833,2,
5,1875,1928,53,
5,1970,2133,163,
5,2175,2175,0,
5,2219,2265,46,
5,2309,2202,-107,
5,2243,2391,148,
55,2399,1767,-632,
5,1807,2116,309,
5,2159,1521,-638,
5,1564,1978,414,
5,2019,2117,98,
5,2159,1992,-167,
5,2036,1977,-59,
5,2019,2073,54,
5,2118,1999,-119,
5,2042,2131,89,
5,2175,2160,-15,
5,2206,2135,-71,
5,2175,1689,-486,
5,1732,1519,-213,
5,1563,1767,204,
5,1807,2061,254,
5,2105,1831,-274,
5,1875,1763,-112,
5,1804,2214,410,
5,2254,2140,-114,
5,2183,2216,33,
5,2260,1833,-427,
5,1874,1965,91,
5,2008,1583,-425,
5,1627,2027,400,
5,2071,1847,-224,
5,1888,2356,468,
5,2399,1968,-431,
5,2011,1787,-224,
5,1831,2396,565,
5,2439,2159,-280,
5,2203,1771,-432,
5,1813,1635,-178,
5,1678,1667,-11,
5,1709,2057,348,
5,2102,2090,-12,
5,2135,1699,-436,
5,1739,2248,509,
5,2291,1805,-486,
5,1846,1519,-327,
5,1563,1863,300,
5,1907,2054,147,
5,2099,1871,-228,
5,1913,2320,407,
5,2364,1827,-537,
5,1868,1907,39,
5,1952,2090,138,
5,2135,2077,-58,
5,2119,1954,-165,
5,1997,1928,-69,
5,1971,1903,-68,
5,1948,1783,-165,
5,1824,2086,262,
5,2130,2229,99,
5,2271,1783,-488,
5,1823,2287,464,
5,2330,1643,-687,
5,1685,1775,90,
5,1819,1649,-170,
5,1691,2146,455,
5,2189,1819,-370,
5,1859,1843,-16,
5,1885,2240,355,
5,2283,2232,-51,
5,2275,2099,-176,
5,2143,2188,45,
5,2232,1847,-385,
5,1889,2193,304,
5,2239,1961,-278,
5,2003,1891,-112,
5,1936,2031,95,
5,2073,1641,-432,
5,1683,2192,509,
5,2236,2016,-220,
5,2058,1942,-116,
5,1985,1823,-162,
5,1865,2022,157,
5,2063,1743,-320,
5,1783,2190,407,
5,2234,2373,139,
5,2414,1775,-639,
5,1819,1861,42,
5,1904,1997,93,
5,2040,1561,-479,
5,1604,2064,460,
5,2108,1613,-495,
5,1657,1803,146,
5,1842,1823,-19,
5,1867,1543,-324,
5,1587,1941,354,
5,1983,1553,-430,
5,1595,1527,-68,
5,1569,2072,503,
5,2117,2044,-73,
5,2087,1859,-228,
5,1900,1727,-173,
5,1770,2222,452,
5,2267,1891,-376,
5,1936,1759,-177,
5,1801,1887,86,
5,1936,1718,-218,
5,1758,2217,459,
5,2260,1727,-533,
5,1767,1867,100,
5,1908,2054,146,
5,2095,1773,-322,
5,1815,1651,-164,
5,1694,1940,246,
5,1982,1705,-277,
5,1747,2365,618,
5,2408,2242,-166,
5,2286,1532,-754,
5,1575,2187,612,
5,2231,1750,-481,
5,1793,1827,34,
5,1870,2069,199,
5,2114,2166,52,
5,2211,1837,-374,
5,1878,1932,54,
5,1973,1903,-70,
5,1952,2047,95,
5,2092,2131,39,
5,2174,1581,-593,
5,1623,2081,458,
5,2127,2073,-54,
5,2111,2264,153,
5,2303,2208,-95,
5,2254,1759,-495,
5,1803,1839,36,
5,1879,2033,154,
5,2077,1911,-166,
5,1956,2046,90,
5,2090,1711,-379,
5,1752,2167,415,
5,2211,1839,-372,
5,1879,1859,-20,
5,1901,2002,101,
5,2044,1719,-325,
5,1762,2332,570,
5,2375,1839,-536,
5,1883,1765,-118,
5,1807,2111,304,
5,2154,1871,-283,
5,1914,1955,41,
5,1996,1731,-265,
5,1774,2386,612,
5,2428,2319,-109,
5,2365,1942,-423,
5,1983,1723,-260,
5,1764,1911,147,
5,1954,1517,-437,
5,1560,2073,513,
5,2118,2046,-72,
5,2089,2072,-17,
5,2115,1950,-165,
5,1992,1511,-481,
5,1553,2384,831,
5,2426,1522,-904,
5,1567,2282,715,
5,2325,1789,-536,
5,1829,2026,197,
5,2068,2376,308,
5,2422,2197,-225,
5,2239,1647,-592,
5,1691,2379,688,
5,2420,2109,-311,
5,2150,1767,-383,
5,1810,1485,-325,
5,1529,1875,346,
5,1916,1639,-277,
5,1681,1827,146,
5,1868,2228,360,
5,2271,2156,-115,
5,2199,1763,-436,
5,1804,1956,152,
5,1998,1887,-111,
5,1932,1815,-117,
5,1859,1958,99,
5,1999,1827,-172,
5,1869,1759,-110,
5,1801,1474,-327,
5,1515,2014,499,
5,2057,1530,-527,
5,1573,1657,84,
5,1698,1691,-7,
5,1735,1817,82,
5,1861,2046,185,
5,2089,1605,-484,
5,1647,2008,361,
5,2047,1455,-592,
5,1496,2163,667,
5,2207,1603,-604,
5,1647,2047,400,
5,2092,1503,-589,
5,1547,2203,656,
5,2245,2132,-113,
5,2175,1635,-540,
5,1679,2183,504,
5,2226,2104,-122,
5,2148,2080,-68,
5,2123,1907,-216,
5,1952,1519,-433,
5,1561,1647,86,
5,1689,2144,455,
5,2190,2228,38,
5,2271,1831,-440,
5,1873,1557,-316,
5,1597,1952,355,
5,1992,1622,-370,
5,1663,1972,309,
5,2012,1695,-317,
5,1739,1559,-180,
5,1601,2216,615,
5,2259,2398,139,
5,2441,2103,-338,
5,2147,1875,-272,
5,1920,1703,-217,
5,1745,2104,359,
5,2147,2031,-116,
5,2075,2000,-75,
5,2044,2030,-14,
5,2072,1895,-177,
5,1940,2243,303,
5,2286,1491,-795,
5,1533,1938,405,
5,1981,1755,-226,
5,1795,1791,-4,
5,1833,1867,34,
5,1907,1743,-164,
5,1785,1823,38,
5,1863,1799,-64,
5,1839,2236,397,
5,2282,1638,-644,
5,1679,1765,86,
5,1808,1855,47,
5,1897,1779,-118,
5,1821,2126,305,
5,2170,1881,-289,
5,1921,2170,249,
5,2215,1887,-328,
5,1932,1710,-222,
5,1751,1639,-112,
5,1681,2191,510,
5,2236,1549,-687,
5,1591,1952,361,
5,1995,2188,193,
5,2231,1959,-272,
5,2000,1979,-21,
5,2020,1595,-425,
5,1636,1627,-9,
5,1669,1663,-6,
5,1707,2164,457,
5,2208,1933,-275,
5,1977,1650,-327,
5,1693,1475,-218,
5,1519,1607,88,
5,1651,2057,406,
5,2099,2292,193,
5,2335,2008,-327,
5,2047,1575,-472,
5,1617,2127,510,
5,2171,1783,-388,
5,1827,1701,-126,
5,1743,1521,-222,
5,1563,1483,-80,
5,1525,1725,200,
5,1765,1867,102,
5,1910,1691,-219,
5,1731,1869,138,
5,1912,2109,197,
5,2154,1610,-544,
5,1653,1595,-58,
5,1638,1465,-173,
5,1508,2384,876,
5,2427,1944,-483,
5,1988,1715,-273,
5,1757,2059,302,
5,2104,2192,88,
5,2237,1599,-638,
5,1643,2108,465,
5,2151,1655,-496,
5,1695,1735,40,
5,1779,1871,92,
5,1911,2005,94,
5,2047,2127,80,
5,2172,1944,-228,
5,1987,1503,-484,
5,1545,2013,468,
5,2055,1625,-430,
5,1666,1551,-115,
5,1595,2211,616,
5,2254,1924,-330,
5,1967,1495,-472,
5,1537,2041,504,
5,2083,1911,-172,
5,1954,2301,347,
5,2345,1855,-490,
5,1895,2142,247,
5,2186,1903,-283,
5,1948,1980,32,
5,2023,2320,297,
5,2364,2191,-173,
5,2233,2218,-15,
5,2261,1827,-434,
5,1869,2172,303,
5,2215,2298,83,
5,2339,1787,-552,
5,1829,2076,247,
5,2119,1879,-240,
5,1921,2015,94,
5,2058,1727,-331,
5,1769,1905,136,
5,1952,1998,46,
5,2040,1933,-107,
5,1975,1647,-328,
5,1691,1996,305,
5,2037,1655,-382,
5,1699,1635,-64,
5,1675,1823,148,
5,1867,1903,36,
5,1948,2250,302,
5,2292,2082,-210,
5,2127,1952,-175,
5,1992,2292,300,
5,2335,1679,-656,
5,1723,2137,414,
5,2175,2168,-7,
5,2213,2143,-70,
5,2188,1543,-645,
5,1585,1779,194,
5,1820,2024,204,
5,2066,1849,-217,
5,1888,1773,-115,
5,1815,2226,411,
5,2271,2368,97,
5,2411,1929,-482,
5,1971,1485,-486,
5,1527,2296,769,
5,2339,1543,-796,
5,1585,1879,294,
5,1921,1855,-66,
5,1899,1953,54,
5,1994,2303,309,
5,2347,2386,39,
5,2430,1994,-436,
5,2038,2078,40,
5,2122,2002,-120,
5,2046,1967,-79,
5,2010,2044,34,
5,2087,1969,-118,
5,2012,1789,-223,
5,1830,1715,-115,
5,1757,2046,289,
5,2089,1807,-282,
5,1851,1795,-56,
5,1839,2347,508,
5,2391,2372,-19,
5,2415,1823,-592,
5,1863,1797,-66,
5,1839,1559,-280,
5,1601,2100,499,
5,2143,1976,-167,
5,2019,2315,296,
5,2359,2183,-176,
5,2226,1691,-535,
5,1731,1502,-229,
5,1545,1954,409,
5,1997,1925,-72,
5,1970,1483,-487,
5,1526,2095,569,
5,2139,1978,-161,
5,2019,1807,-212,
5,1848,2364,516,
5,2407,1715,-692,
5,1755,1481,-274,
5,1523,2192,669,
5,2235,2059,-176,
5,2103,1775,-328,
5,1817,1695,-122,
5,1736,2141,405,
5,2185,1970,-215,
5,2012,1999,-13,
5,2040,1767,-273,
5,1808,1799,-9,
5,1841,1731,-110,
5,1774,1968,194,
5,2011,1631,-380,
5,1672,1974,302,
5,2014,2317,303,
5,2361,1863,-498,
5,1905,1695,-210,
5,1738,2092,354,
5,2135,1603,-532,
5,1645,2155,510,
5,2199,2078,-121,
5,2122,1627,-495,
5,1671,1559,-112,
5,1601,1799,198,
5,1843,2204,361,
5,2249,1919,-330,
5,1964,1911,-53,
5,1954,1689,-265,
5,1731,1815,84,
5,1857,2056,199,
5,2101,1567,-534,
5,1609,2230,621,
5,2273,1731,-542,
5,1775,2132,357,
5,2175,1960,-215,
5,2002,1575,-427,
5,1618,1555,-63,
5,1597,2115,518,
5,2159,1823,-336,
5,1865,1960,95,
5,2002,2200,198,
5,2245,1867,-378,
5,1909,1731,-178,
5,1775,2030,255,
5,2074,2113,39,
5,2159,1631,-528,
5,1673,1871,198,
5,1912,2276,364,
5,2319,1471,-848,
5,1511,2019,508,
5,2062,2313,251,
5,2357,1923,-434,
5,1964,1487,-477,
5,1530,2047,517,
5,2093,1863,-230,
5,1906,1531,-375,
5,1574,1506,-68,
5,1549,1956,407,
5,1998,1937,-61,
5,1979,2228,249,
5,2271,1944,-327,
5,1986,1827,-159,
5,1870,1607,-263,
5,1649,2216,567,
5,2261,1879,-382,
5,1920,2079,159,
5,2122,1685,-437,
5,1727,1827,100,
5,1868,2118,250,
5,2159,1779,-380,
5,1823,1701,-122,
5,1743,1827,84,
5,1870,2016,146,
5,2058,2302,244,
5,2346,1922,-424,
5,1965,1853,-112,
5,1895,1733,-162,
5,1775,1711,-64,
5,1754,1739,-15,
5,1782,1871,89,
5,1915,2009,94,
5,2053,1719,-334,
5,1761,1847,86,
5,1890,1936,46,
5,1982,1759,-223,
5,1801,2108,307,
5,2154,2093,-61,
5,2138,1865,-273,
5,1907,2213,306,
5,2255,2092,-163,
5,2136,1863,-273,
5,1906,1529,-377,
5,1573,2140,567,
5,2182,1907,-275,
5,1952,2204,252,
5,2247,2024,-223,
5,2069,2013,-56,
5,2056,1779,-277,
5,1819,1661,-158,
5,1703,2175,472,
5,2218,1583,-635,
5,1625,1659,34,
5,1699,1587,-112,
5,1629,1517,-112,
5,1559,1658,99,
5,1700,2218,518,
5,2262,2196,-66,
5,2239,2383,144,
5,2425,2092,-333,
5,2135,2336,201,
5,2379,1470,-909,
5,1513,2242,729,
5,2285,2222,-63,
5,2265,1887,-378,
5,1936,2288,352,
5,2331,1837,-494,
5,1879,2234,355,
5,2278,2060,-218,
5,2103,2248,145,
5,2291,2332,41,
5,2375,2145,-230,
5,2190,1494,-696,
5,1537,1837,300,
5,1879,2232,353,
5,2275,2263,-12,
5,2303,2240,-63,
5,2283,1947,-336,
5,1989,2073,84,
5,2115,2257,142,
5,2300,2250,-50,
5,2292,1970,-322,
5,2012,1743,-269,
5,1785,2129,344,
5,2173,2008,-165,
5,2047,1827,-220,
5,1869,2223,354,
5,2266,1631,-635,
5,1671,2136,465,
5,2181,2115,-66,
5,2157,1887,-270,
5,1932,2395,463,
5,2438,1845,-593,
5,1886,1575,-311,
5,1615,1709,94,
5,1748,1751,3,
5,1793,1989,196,
5,2030,2135,105,
5,2175,2167,-8,
5,2207,1679,-528,
5,1719,2392,673,
5,2431,1952,-479,
5,1995,1831,-164,
5,1870,1551,-319,
5,1589,1683,94,
5,1724,1711,-13,
55,2367,1847,-520,
5,1888,2254,366,
5,2296,2071,-225,
5,2115,2267,152,
5,2311,2347,36,
5,2391,1661,-730,
5,1701,2107,406,
5,2151,2235,84,
5,2279,1747,-532,
5,1791,1675,-116,
5,1717,2182,465,
5,2225,1903,-322,
5,1952,1675,-277,
5,1715,1972,257,
5,2014,1687,-327,
5,1729,2036,307,
5,2081,1807,-274,
5,1851,1591,-260,
5,1631,1887,256,
5,1932,1549,-383,
5,1591,2047,456,
5,2093,2140,47,
5,2183,2334,151,
5,2377,1527,-850,
5,1570,1527,-43,
5,1569,1984,415,
5,2026,1970,-56,
5,2012,1693,-319,
5,1734,1775,41,
5,1817,1451,-366,
5,1495,1795,300,
5,1838,1787,-51,
5,1831,1925,94,
5,1970,2066,96,
5,2110,1679,-431,
5,1723,2130,407,
5,2174,2316,142,
5,2359,1507,-852,
5,1550,1958,408,
5,2000,2150,150,
5,2193,2078,-115,
5,2122,2319,197,
5,2363,1887,-476,
5,1936,1815,-121,
5,1858,2110,252,
5,2155,1885,-270,
5,1932,1968,36,
5,2010,2066,56,
5,2111,1938,-173,
5,1980,2191,211,
5,2236,1501,-735,
5,1544,2174,630,
5,2218,1730,-488,
5,1771,2076,305,
5,2119,1643,-476,
5,1685,1583,-102,
5,1625,2131,506,
5,2175,2158,-17,
5,2203,2022,-181,
5,2063,1583,-480,
5,1625,1677,52,
5,1719,2223,504,
5,2267,1996,-271,
5,2038,1455,-583,
5,1498,1695,197,
5,1740,2151,411,
5,2196,1985,-211,
5,2028,1639,-389,
5,1683,2144,461,
5,2187,1865,-322,
5,1907,1591,-316,
5,1635,2136,501,
5,2175,2163,-12,
5,2207,1723,-484,
5,1763,1897,134,
5,1944,2248,304,
5,2291,1803,-488,
5,1845,2044,199,
5,2087,1713,-374,
5,1755,2324,569,
5,2367,2156,-211,
5,2198,2404,206,
5,2447,1695,-752,
5,1737,1515,-222,
5,1559,1751,192,
5,1795,1885,90,
5,1928,2178,250,
5,2221,1791,-430,
5,1833,2134,301,
5,2175,1735,-440,
5,1778,2396,618,
5,2440,1862,-578,
5,1903,1891,-12,
5,1936,1661,-275,
5,1703,2066,363,
5,2110,1517,-593,
5,1559,1543,-16,
5,1583,2156,573,
5,2199,1717,-482,
5,1757,1695,-62,
5,1739,1986,247,
5,2028,1701,-327,
5,1742,2047,305,
5,2089,1667,-422,
5,1708,1699,-9,
5,1741,1731,-10,
5,1773,1870,97,
5,1911,2009,98,
5,2047,1767,-280,
5,1811,1968,157,
5,2009,2254,245,
5,2299,2083,-216,
5,2126,2060,-66,
5,2104,1559,-545,
5,1603,1635,32,
5,1678,1819,141,
5,1859,1944,85,
5,1986,2339,353,
5,2382,1997,-385,
5,2041,1615,-426,
5,1657,1743,86,
5,1786,1767,-19,
5,1809,1585,-224,
5,1626,1615,-11,
5,1658,1535,-123,
5,1577,2078,501,
5,2123,1991,-132,
5,2035,1911,-124,
5,1956,2040,84,
5,2083,2027,-56,
5,2069,1487,-582,
5,1527,1531,4,
5,1573,1615,42,
5,1660,2007,347,
5,2047,1727,-320,
5,1768,1499,-269,
5,1543,2216,673,
5,2258,1663,-595,
5,1708,1483,-225,
5,1527,1623,96,
5,1666,1865,199,
5,1908,2004,96,
5,2047,1669,-378,
5,1711,2005,294,
5,2047,1931,-116,
5,1972,1759,-213,
5,1802,1749,-53,
5,1792,2204,412,
5,2248,1911,-337,
5,1952,1950,-2,
5,1991,2136,145,
5,2181,1960,-221,
5,2003,1883,-120,
5,1928,1863,-65,
5,1905,1679,-226,
5,1725,2136,411,
5,2180,1847,-333,
5,1887,1928,41,
5,1970,2224,254,
5,2267,2248,-19,
5,2291,1966,-325,
5,2008,1943,-65,
5,1983,1807,-176,
5,1849,1993,144,
5,2034,1970,-64,
5,2013,1741,-272,
5,1784,2143,359,
5,2186,2170,-16,
5,2215,1771,-444,
5,1815,1895,80,
5,1942,1867,-75,
5,1909,2330,421,
5,2374,2311,-63,
5,2353,1663,-690,
5,1706,1537,-169,
5,1579,1835,256,
5,1876,1929,53,
5,1971,1695,-276,
5,1738,1777,39,
5,1819,1741,-78,
5,1783,2085,302,
5,2129,1966,-163,
5,2007,2153,146,
5,2196,1867,-329,
5,1911,1795,-116,
5,1836,1869,33,
5,1911,2324,413,
5,2367,1623,-744,
5,1664,1699,35,
5,1740,1679,-61,
5,1718,1559,-159,
5,1600,2319,719,
5,2363,2393,30,
5,2431,1887,-544,
5,1932,2061,129,
5,2106,2345,239,
5,2389,2268,-121,
5,2311,1987,-324,
5,2027,1701,-326,
5,1743,1829,86,
5,1871,1687,-184,
5,1728,2035,307,
5,2077,1535,-542,
5,1576,2081,505,
5,2127,2375,248,
5,2418,1823,-595,
5,1865,2014,149,
5,2055,1987,-68,
5,2031,1875,-156,
5,1917,1689,-228,
5,1733,1663,-70,
5,1706,1591,-115,
5,1631,2150,519,
5,2193,1907,-286,
5,1954,1991,37,
5,2035,1855,-180,
5,1896,1775,-121,
5,1815,1803,-12,
5,1844,2306,462,
5,2350,2332,-18,
5,2375,2202,-173,
5,2245,1813,-432,
5,1856,1675,-181,
5,1718,2118,400,
5,2162,2145,-17,
5,2187,1755,-432,
5,1797,1930,133,
5,1972,2104,132,
5,2147,2036,-111,
5,2078,1802,-276,
5,1843,2249,406,
5,2294,1753,-541,
5,1795,1994,199,
5,2037,1701,-336,
5,1743,2144,401,
5,2187,1710,-477,
5,1750,2047,297,
5,2091,1706,-385,
5,1749,1631,-118,
5,1675,1911,236,
5,1958,2150,192,
5,2194,1651,-543,
5,1695,1958,263,
5,1999,2191,192,
5,2235,1949,-286,
5,1992,1919,-73,
5,1968,1902,-66,
5,1946,1615,-331,
5,1655,1585,-70,
5,1627,1863,236,
5,1903,2208,305,
5,2252,1663,-589,
5,1706,1999,293,
5,2044,1774,-270,
5,1815,1802,-13,
5,1845,1944,99,
5,1985,1867,-118,
5,1907,2066,159,
5,2110,2201,91,
5,2246,1924,-322,
5,1966,1895,-71,
5,1940,1823,-117,
5,1866,2070,204,
5,2111,1887,-224,
5,1936,2182,246,
5,2223,1829,-394,
5,1871,1645,-226,
5,1690,1944,254,
5,1985,1919,-66,
5,1968,1787,-181,
5,1828,1924,96,
5,1967,2216,249,
5,2260,1931,-329,
5,1973,1699,-274,
5,1743,1475,-268,
5,1517,1767,250,
5,1809,2328,519,
5,2367,1463,-904,
5,1503,1535,32,
5,1578,2203,625,
5,2247,2185,-62,
5,2227,2324,97,
5,2367,1461,-906,
5,1502,1970,468,
5,2011,1847,-164,
5,1889,1617,-272,
5,1660,2276,616,
5,2319,1623,-696,
5,1666,1719,53,
5,1760,1807,47,
5,1851,2204,353,
5,2249,1767,-482,
5,1809,2222,413,
5,2263,2248,-15,
5,2291,1963,-328,
5,2006,1931,-75,
5,1974,1811,-163,
5,1853,2160,307,
5,2203,1811,-392,
5,1851,1789,-62,
5,1830,2030,200,
5,2071,2064,-7,
5,2108,2204,96,
5,2246,1703,-543,
5,1745,2360,615,
5,2403,2078,-325,
5,2119,1839,-280,
5,1880,2140,260,
5,2183,2229,46,
5,2271,1791,-480,
5,1831,1559,-272,
5,1600,1954,354,
5,1994,1507,-487,
5,1549,2158,609,
5,2199,1976,-223,
5,2018,2262,244,
5,2303,2127,-176,
5,2171,2106,-65,
5,2150,2239,89,
5,2283,2060,-223,
5,2105,2148,43,
5,2191,2279,88,
5,2320,2000,-320,
5,2044,2240,196,
5,2283,1695,-588,
5,1739,2152,413,
5,2193,2182,-11,
5,2223,2009,-214,
5,2047,1984,-63,
5,2027,1911,-116,
5,1957,1895,-62,
5,1940,1622,-318,
5,1663,1607,-56,
5,1651,2175,524,
5,2218,1519,-699,
5,1564,1559,-5,
5,1603,2004,401,
5,2047,1572,-475,
5,1614,1605,-9,
5,1649,2324,675,
5,2365,2088,-277,
5,2133,2020,-113,
5,2063,1839,-224,
5,1883,2248,365,
5,2293,1911,-382,
5,1960,1475,-485,
5,1521,2190,669,
5,2233,2328,95,
5,2371,1990,-381,
5,2033,1811,-222,
5,1853,1475,-378,
5,1517,2033,516,
5,2075,2070,-5,
5,2111,1581,-530,
5,1623,1815,192,
5,1856,2158,302,
5,2200,1815,-385,
5,1857,1535,-322,
5,1577,2295,718,
5,2339,2236,-103,
5,2279,1741,-538,
5,1783,1927,144,
5,1969,1952,-17,
5,1995,1875,-120,
5,1918,1907,-11,
5,1952,1479,-473,
5,1521,2133,612,
5,2175,1899,-276,
5,1946,1830,-116,
5,1871,2015,144,
5,2058,2047,-11,
5,2094,1821,-273,
5,1867,1751,-116,
5,1794,1793,-1,
5,1835,2038,203,
5,2082,2176,94,
5,2219,1743,-476,
5,1787,2298,511,
5,2342,1547,-795,
5,1590,1575,-15,
5,1617,1815,198,
5,1857,1958,101,
5,1999,1663,-336,
5,1707,1968,261,
5,2010,2102,92,
5,2143,1861,-282,
5,1901,1843,-58,
5,1884,1823,-61,
5,1865,1907,42,
5,1952,2296,344,
5,2339,2060,-279,
5,2105,2149,44,
5,2191,1815,-376,
5,1855,1687,-168,
5,1731,1723,-8,
5,1764,2232,468,
5,2277,2105,-172,
5,2147,1711,-436,
5,1753,1693,-60,
5,1735,1667,-68,
5,1710,1855,145,
5,1899,1739,-160,
5,1781,1871,90,
5,1913,1753,-160,
5,1795,1623,-172,
5,1664,1695,31,
5,1741,1463,-278,
5,1507,1805,298,
5,1846,2047,201,
5,2091,1661,-430,
5,1703,2009,306,
5,2047,1946,-101,
5,1987,2137,150,
5,2183,1959,-224,
5,1999,1950,-49,
5,1991,1926,-65,
5,1968,2281,313,
5,2324,2208,-116,
5,2249,1863,-386,
5,1905,1949,44,
5,1991,2285,294,
5,2329,1637,-692,
5,1679,1675,-4,
5,1717,1811,94,
5,1853,1950,97,
5,1990,1502,-488,
5,1542,1895,353,
5,1940,1607,-333,
5,1649,2003,354,
5,2047,2192,145,
5,2236,2068,-168,
5,2111,1887,-224,
5,1932,2018,86,
5,2059,1997,-62,
5,2040,2235,195,
5,2277,1535,-742,
5,1579,1771,192,
5,1811,2119,308,
5,2162,1835,-327,
5,1877,1873,-4,
5,1915,2268,353,
5,2311,2234,-77,
5,2278,1891,-387,
5,1936,1976,40,
5,2018,2064,46,
5,2107,2256,149,
5,2299,1966,-333,
5,2007,1735,-272,
5,1775,1759,-16,
5,1800,1471,-329,
5,1514,2328,814,
5,2371,1786,-585,
5,1827,1859,32,
5,1901,1992,91,
5,2032,1445,-587,
5,1489,2256,767,
5,2299,2080,-219,
5,2123,2108,-15,
5,2153,1875,-278,
5,1917,2171,254,
5,2214,2260,46,
5,2303,1503,-800,
5,1546,2106,560,
5,2150,1875,-275,
5,1915,1489,-426,
5,1531,1734,203,
5,1775,1974,199,
5,2016,1998,-18,
5,2038,1615,-423,
5,1659,1903,244,
5,1952,2008,56,
5,2047,2197,150,
5,2239,1960,-279,
5,2004,1517,-487,
5,1559,2220,661,
5,2262,1510,-752,
5,1554,1758,204,
5,1798,1794,-4,
5,1836,1873,37,
5,1917,2012,95,
5,2055,1675,-380,
5,1719,2189,470,
5,2232,1745,-487,
5,1788,2024,236,
5,2067,1944,-123,
5,1987,2224,237,
5,2267,1727,-540,
5,1771,1713,-58,
5,1753,1995,242,
5,2035,1815,-220,
5,1857,1951,94,
5,1992,2239,247,
5,2282,1955,-327,
5,1998,2051,53,
5,2095,2080,-15,
5,2124,2068,-56,
5,2111,1531,-580,
5,1573,2156,583,
5,2199,1667,-532,
5,1707,1483,-224,
5,1527,2095,568,
5,2138,1655,-483,
5,1697,1843,146,
5,1885,1823,-62,
5,1865,2072,207,
5,2118,2115,-3,
5,2159,2308,149,
5,2351,2120,-231,
5,2165,2318,153,
5,2363,2036,-327,
5,2078,2282,204,
5,2323,1627,-696,
5,1670,1976,306,
5,2019,1541,-478,
5,1583,1893,310,
5,1938,1986,48,
5,2028,1567,-461,
5,1609,2232,623,
5,2275,2379,104,
5,2421,2054,-367,
5,2098,1829,-269,
5,1871,2289,418,
5,2331,2331,0,
5,2375,2060,-315,
5,2105,1621,-484,
5,1660,1711,51,
5,1751,1797,46,
5,1839,1995,156,
5,2037,2236,199,
5,2279,1699,-580,
55,2167,1539,-628,
5,1578,1936,358,
5,1980,2175,195,
5,2219,2101,-118,
5,2143,2189,46,
5,2233,2016,-217,
5,2059,1787,-272,
5,1829,1919,90,
5,1968,2268,300,
5,2311,1663,-648,
5,1707,2172,465,
5,2215,1992,-223,
5,2034,1695,-339,
5,1739,1469,-270,
5,1511,2228,717,
5,2271,1522,-749,
5,1563,1759,196,
5,1799,1471,-328,
5,1517,1811,294,
5,1854,1950,96,
5,1992,1971,-21,
5,2012,1631,-381,
5,1674,1711,37,
5,1753,2011,258,
5,2055,1823,-232,
5,1868,1803,-65,
5,1846,1843,-3,
5,1884,1711,-173,
5,1755,1851,96,
5,1892,1779,-113,
5,1821,2169,348,
5,2211,2043,-168,
5,2086,1962,-124,
5,2001,1934,-67,
5,1975,1711,-264,
5,1753,1948,195,
5,1991,1871,-120,
5,1912,1895,-17,
5,1944,1982,38,
5,2024,1747,-277,
5,1792,1936,144,
5,1979,2017,38,
5,2060,1932,-128,
5,1973,2066,93,
5,2109,1731,-378,
5,1775,1863,88,
5,1901,1837,-64,
5,1879,1715,-164,
5,1758,1693,-65,
5,1732,2186,454,
5,2230,1639,-591,
5,1681,2241,560,
5,2283,1797,-486,
5,1841,2096,255,
5,2140,1923,-217,
5,1968,1487,-481,
5,1529,2197,668,
5,2239,2070,-169,
5,2111,1679,-432,
5,1722,1865,143,
5,1905,2043,138,
5,2086,1503,-583,
5,1547,2326,779,
5,2367,1835,-532,
5,1876,2186,310,
5,2230,1535,-695,
5,1581,2300,719,
5,2343,2171,-172,
5,2215,1477,-738,
5,1518,2174,656,
5,2218,1519,-699,
5,1564,1759,195,
5,1800,1942,142,
5,1986,1907,-79,
5,1954,1579,-375,
5,1621,2169,548,
5,2215,1983,-232,
5,2026,1751,-275,
5,1792,1993,201,
5,2035,1447,-588,
5,1491,2109,618,
5,2153,1980,-173,
5,2021,1907,-114,
5,1952,1465,-487,
5,1507,1603,96,
5,1644,2210,566,
5,2255,1934,-321,
5,1977,2232,255,
5,2274,2318,44,
5,2361,2187,-174,
5,2230,1693,-537,
5,1735,1879,144,
5,1920,1911,-9,
5,1960,1843,-117,
5,1886,2026,140,
5,2069,1475,-594,
5,1519,1981,462,
5,2023,2013,-10,
5,2056,1735,-321,
5,1775,1603,-172,
5,1647,2097,450,
5,2142,1597,-545,
5,1639,1843,204,
5,1883,2030,147,
5,2073,2325,252,
5,2367,1673,-694,
5,1715,2185,470,
5,2229,1521,-708,
5,1563,2398,835,
5,2439,1795,-644,
5,1837,1940,103,
5,1984,1928,-56,
5,1971,2390,419,
5,2431,2274,-157,
5,2319,1633,-686,
5,1675,1721,46,
5,1763,2123,360,
5,2167,2100,-67,
5,2143,1709,-434,
5,1750,1693,-57,
5,1735,2145,410,
5,2188,2286,98,
5,2329,2104,-225,
5,2148,1663,-485,
5,1706,1537,-169,
5,1581,1885,304,
5,1932,2397,465,
5,2439,1751,-688,
5,1795,2162,367,
5,2206,1875,-331,
5,1915,2056,141,
5,2101,1941,-160,
5,1983,1713,-270,
5,1756,1597,-159,
5,1639,2216,577,
5,2259,2355,96,
5,2397,1924,-473,
5,1966,2111,145,
5,2156,2197,41,
5,2239,2137,-102,
5,2182,1701,-481,
5,1743,2156,413,
5,2200,1618,-582,
5,1660,1599,-61,
5,1643,1539,-104,
5,1580,1993,413,
5,2039,1503,-536,
5,1547,2168,621,
5,2211,1883,-328,
5,1928,1871,-57,
5,1914,2011,97,
5,2054,2260,206,
5,2303,1511,-792,
5,1555,2014,459,
5,2055,1625,-430,
5,1667,1966,299,
5,2008,2142,134,
5,2185,1909,-276,
5,1952,1791,-161,
5,1833,2032,199,
5,2072,2128,56,
5,2175,1683,-492,
5,1726,1727,1,
5,1769,1558,-211,
5,1600,1695,95,
5,1738,2047,309,
5,2093,1815,-278,
5,1859,1699,-160,
5,1741,1944,203,
5,1986,1703,-283,
5,1745,1735,-10,
5,1777,2032,255,
5,2076,2125,49,
5,2167,2060,-107,
5,2105,2148,43,
5,2191,2032,-159,
5,2075,1755,-320,
5,1799,1687,-112,
5,1730,1775,45,
5,1817,2278,461,
5,2322,1839,-483,
5,1881,1563,-318,
5,1607,1863,256,
5,1902,1479,-423,
5,1521,2344,823,
5,2385,1545,-840,
5,1587,1523,-64,
5,1567,1985,418,
5,2028,1545,-483,
5,1587,1723,136,
5,1767,1499,-268,
5,1542,1956,414,
5,1998,1992,-6,
5,2034,1717,-317,
5,1759,1855,96,
5,1898,1671,-227,
5,1714,2027,313,
5,2071,1903,-168,
5,1952,2047,95,
5,2091,1984,-107,
5,2025,1861,-164,
5,1901,2258,357,
5,2302,1759,-543,
5,1800,1543,-257,
5,1583,2162,579,
5,2205,2153,-52,
5,2195,2240,45,
5,2284,2226,-58,
5,2271,1787,-484,
5,1829,2196,367,
5,2239,2068,-171,
5,2111,1679,-432,
5,1723,1763,40,
5,1806,1837,31,
5,1878,1714,-164,
5,1757,1749,-8,
5,1792,2041,249,
5,2084,1913,-171,
5,1960,2209,249,
5,2252,1972,-280,
5,2013,1627,-386,
5,1671,2074,403,
5,2119,1639,-480,
5,1681,2089,408,
5,2132,2124,-8,
5,2169,2152,-17,
5,2195,2032,-163,
5,2074,1741,-333,
5,1783,1932,149,
5,1972,2230,258,
5,2274,1887,-387,
5,1936,2341,405,
5,2383,1647,-736,
5,1690,2099,409,
5,2143,1831,-312,
5,1873,1863,-10,
5,1903,2159,256,
5,2203,1823,-380,
5,1867,1952,85,
5,1993,2293,300,
5,2335,2212,-123,
5,2255,2034,-221,
5,2078,1755,-323,
5,1796,1471,-325,
5,1513,1925,412,
5,1970,1543,-427,
5,1585,2000,415,
5,2041,1983,-58,
5,2025,1853,-172,
5,1895,2156,261,
5,2198,1817,-381,
5,1858,2115,257,
5,2161,2001,-160,
5,2043,1451,-592,
5,1495,1799,304,
5,1841,1944,103,
5,1986,1709,-277,
5,1752,1901,149,
5,1946,2300,354,
5,2343,2274,-69,
5,2318,1887,-431,
5,1932,1976,44,
5,2020,2364,344,
5,2408,2189,-219,
5,2231,2160,-71,
5,2204,1969,-235,
5,2012,1940,-72,
5,1982,1599,-383,
5,1643,2052,409,
5,2095,1566,-529,
5,1607,1969,362,
5,2011,1477,-534,
5,1519,2090,571,
5,2134,1862,-272,
5,1903,1727,-176,
5,1769,1663,-106,
5,1704,2226,522,
5,2270,1998,-272,
5,2041,2135,94,
5,2175,1487,-688,
5,1529,2090,561,
5,2133,1795,-338,
5,1835,2195,360,
5,2239,2076,-163,
5,2119,1996,-123,
5,2039,2030,-9,
5,2073,1913,-160,
5,1957,1831,-126,
5,1875,2081,206,
5,2124,1743,-381,
5,1785,2087,302,
5,2131,2232,101,
5,2277,1891,-386,
5,1936,2087,151,
5,2129,1699,-430,
5,1743,1725,-18,
5,1767,1655,-112,
5,1695,1467,-228,
5,1511,2135,624,
5,2175,2119,-56,
5,2161,2191,30,
5,2235,1694,-541,
5,1735,1463,-272,
5,1505,1487,-18,
5,1530,2204,674,
5,2249,2022,-227,
5,2065,1949,-116,
5,1991,1459,-532,
5,1501,1753,252,
5,1795,1947,152,
5,1989,2133,144,
5,2175,1689,-486,
5,1731,2248,517,
5,2291,1863,-428,
5,1902,1543,-359,
5,1585,1671,86,
5,1711,1967,256,
5,2009,2210,201,
5,2255,1877,-378,
5,1920,2225,305,
5,2268,1683,-585,
5,1724,1775,51,
5,1815,1915,100,
5,1960,1695,-265,
5,1735,2147,412,
5,2191,1611,-580,
5,1653,1741,88,
5,1784,1727,-57,
5,1771,1707,-64,
5,1749,1952,203,
5,1993,1723,-270,
5,1767,1443,-324,
5,1485,2062,577,
5,2107,1470,-637,
5,1512,2181,669,
5,2227,1491,-736,
5,1536,2104,568,
5,2149,1526,-623,
5,1569,1972,403,
5,2014,1849,-165,
5,1891,1579,-312,
5,1619,1968,349,
5,2009,1529,-480,
5,1571,1711,140,
5,1752,1791,39,
5,1832,2034,202,
5,2077,1695,-382,
5,1735,1715,-20,
5,1761,2004,243,
5,2047,1666,-381,
5,1707,2070,363,
5,2111,1779,-332,
5,1821,2014,193,
5,2057,1469,-588,
5,1512,2242,730,
5,2287,1910,-377,
5,1954,2207,253,
5,2250,1715,-535,
5,1757,1755,-2,
5,1797,2211,414,
5,2252,1763,-489,
5,1806,2163,357,
5,2207,2048,-159,
5,2091,1757,-334,
5,1799,1779,-20,
5,1821,1763,-58,
5,1805,1586,-219,
5,1627,2196,569,
5,2239,1593,-646,
5,1636,1727,91,
5,1768,1711,-57,
5,1752,2101,349,
5,2143,1975,-168,
5,2017,1997,-20,
5,2040,1559,-481,
5,1601,2220,619,
5,2263,1831,-432,
5,1873,1811,-62,
5,1853,1735,-118,
5,1776,2233,457,
5,2277,1695,-582,
5,1739,1469,-270,
5,1511,1551,40,
5,1595,2316,721,
5,2359,2288,-71,
5,2331,2276,-55,
5,2319,2141,-178,
5,2184,1855,-329,
5,1901,1625,-276,
5,1667,2177,510,
5,2220,1839,-381,
5,1879,1811,-68,
5,1852,1847,-5,
5,1887,1563,-324,
5,1604,1851,247,
5,1893,1936,43,
5,1979,1903,-76,
5,1948,2136,188,
5,2175,2269,94,
5,2311,2087,-224,
5,2131,1909,-222,
5,1954,1871,-83,
5,1915,1547,-368,
5,1588,1993,405,
5,2035,1703,-332,
5,1744,1741,-3,
5,1783,2098,315,
5,2143,2396,253,
5,2439,1968,-471,
5,2009,2104,95,
5,2147,2041,-106,
5,2082,2181,99,
5,2225,1903,-322,
5,1948,2246,298,
5,2291,1964,-327,
5,2007,2362,355,
5,2406,2137,-269,
5,2181,1595,-586,
5,1637,1727,90,
5,1771,1915,144,
5,1962,1699,-263,
5,1742,1883,141,
5,1929,2228,299,
5,2271,2000,-271,
5,2041,2031,-10,
5,2075,2218,143,
5,2262,1985,-277,
5,2027,2060,33,
5,2103,2397,294,
5,2439,1847,-592,
5,1889,2091,202,
5,2133,1703,-430,
5,1745,2201,456,
5,2243,2069,-174,
5,2111,1789,-322,
5,1831,1819,-12,
5,1861,1807,-54,
5,1850,1883,33,
5,1928,2121,193,
5,2165,1477,-688,
5,1519,2234,715,
5,2277,2267,-10,
5,2311,1815,-496,
5,1857,1887,30,
5,1933,1645,-288,
5,1688,2355,667,
5,2398,1555,-843,
5,1598,2253,655,
5,2296,1759,-537,
5,1802,1695,-107,
5,1738,1940,202,
5,1983,1705,-278,
5,1747,1727,-20,
5,1771,2240,469,
5,2284,1531,-753,
5,1575,2144,569,
5,2188,1863,-325,
5,1905,2055,150,
5,2099,1775,-324,
5,1817,2022,205,
5,2063,2316,253,
5,2359,1663,-696,
5,1707,1543,-164,
5,1585,1567,-18,
5,1608,1647,39,
5,1691,1925,234,
5,1970,1691,-279,
5,1733,1510,-223,
5,1551,2100,549,
5,2143,1867,-276,
5,1909,1685,-224,
5,1727,2181,454,
5,2223,2097,-126,
5,2143,2128,-15,
5,2171,1531,-640,
5,1571,2234,663,
5,2277,1733,-544,
5,1775,2392,617,
5,2431,1903,-528,
5,1948,2193,245,
5,2239,1639,-600,
5,1681,1829,148,
5,1871,1751,-120,
5,1795,1996,201,
5,2040,1871,-169,
5,1913,1731,-182,
5,1774,1921,147,
5,1963,1625,-338,
5,1668,2124,456,
5,2167,1779,-388,
5,1821,1497,-324,
5,1539,1936,397,
5,1978,2228,250,
5,2271,1992,-279,
5,2033,2228,195,
5,2271,1823,-448,
5,1866,1599,-267,
5,1645,1677,32,
5,1719,1599,-120,
5,1643,1847,204,
5,1887,1663,-224,
5,1704,1687,-17,
5,1731,2148,417,
5,2191,2275,84,
5,2319,1671,-648,
5,1713,2221,508,
5,2263,2046,-217,
5,2087,2134,47,
5,2175,1699,-476,
5,1741,2138,397,
5,2182,2224,42,
5,2270,1519,-751,
5,1562,2381,819,
5,2423,1996,-427,
5,2039,2396,357,
5,2439,2016,-423,
5,2059,1735,-324,
5,1779,2249,470,
5,2291,1909,-382,
5,1953,1827,-126,
5,1867,2072,205,
5,2115,1831,-284,
5,1871,2232,361,
5,2275,1679,-596,
5,1722,1663,-59,
5,1706,2021,315,
5,2063,1948,-115,
5,1991,2240,249,
5,2284,2220,-64,
55,2111,2063,-48,
5,2106,1731,-375,
5,1773,2399,626,
5,2444,1913,-531,
5,1960,2216,256,
5,2259,2358,99,
5,2399,2182,-217,
5,2226,1855,-371,
5,1897,2092,195,
5,2135,1507,-628,
5,1550,1807,257,
5,1853,1895,42,
5,1942,1839,-103,
5,1883,1885,2,
5,1932,2239,307,
5,2282,1767,-515,
5,1809,1759,-50,
5,1800,2215,415,
5,2257,1731,-526,
5,1773,1871,98,
5,1913,2072,159,
5,2115,2047,-68,
5,2093,1667,-426,
5,1708,1701,-7,
5,1743,2091,348,
5,2134,1755,-379,
5,1795,2159,364,
5,2202,2248,46,
5,2291,2184,-107,
5,2229,1543,-686,
5,1583,1737,154,
5,1779,1459,-320,
5,1500,1751,251,
5,1794,2006,212,
5,2047,1515,-532,
5,1557,1871,314,
5,1911,1903,-8,
5,1952,2307,355,
5,2351,1775,-576,
5,1816,1703,-113,
5,1743,2113,370,
5,2158,1952,-206,
5,1995,2040,45,
5,2082,1711,-371,
5,1753,1964,211,
5,2006,1641,-365,
5,1683,2311,628,
5,2355,2040,-315,
5,2084,2079,-5,
5,2124,1691,-433,
5,1735,2153,418,
5,2196,2191,-5,
5,2237,1767,-470,
5,1807,1751,-56,
5,1793,1831,38,
5,1871,1663,-208,
5,1709,2226,517,
5,2271,1635,-636,
5,1679,1942,263,
5,1984,2032,48,
5,2076,2224,148,
5,2268,2155,-113,
5,2199,2345,146,
5,2390,1658,-732,
5,1700,2172,472,
5,2216,1803,-413,
5,1842,1891,49,
5,1936,1987,51,
5,2030,1871,-159,
5,1915,1703,-212,
5,1747,1949,202,
5,1991,2151,160,
5,2195,1930,-265,
5,1971,1651,-320,
5,1693,1699,6,
5,1739,2259,520,
5,2303,1725,-578,
5,1767,1501,-266,
5,1543,2168,625,
5,2213,1835,-378,
5,1879,1983,104,
5,2025,1655,-370,
5,1697,1695,-2,
5,1741,2047,306,
5,2091,2028,-63,
5,2071,2130,59,
5,2175,2375,200,
5,2419,2114,-305,
5,2157,1683,-474,
5,1724,2037,313,
5,2079,1763,-316,
5,1805,1687,-118,
5,1730,1527,-203,
5,1569,1781,212,
5,1823,2087,264,
5,2130,2336,206,
5,2381,2060,-321,
5,2103,2004,-99,
5,2047,2095,48,
5,2140,1875,-265,
5,1916,2078,162,
5,2123,2006,-117,
5,2047,1954,-93,
5,1995,2246,251,
5,2290,1601,-689,
5,1644,2217,573,
5,2261,1936,-325,
5,1980,1919,-61,
5,1968,1807,-161,
5,1849,2108,259,
5,2151,1944,-207,
5,1986,1715,-271,
5,1759,1807,48,
5,1849,1533,-316,
5,1575,1887,312,
5,1930,1509,-421,
5,1551,2230,679,
5,2271,2016,-255,
5,2060,2057,-3,
5,2101,1735,-366,
5,1777,1955,178,
5,1997,1731,-266,
5,1772,2076,304,
5,2118,1447,-671,
5,1490,1903,413,
5,1948,2047,99,
5,2095,2246,151,
5,2289,2346,57,
5,2391,1614,-777,
5,1655,2182,527,
5,2225,1795,-430,
5,1839,1790,-49,
5,1832,2140,308,
5,2183,2025,-158,
5,2065,1803,-262,
5,1845,2009,164,
5,2047,1629,-418,
5,1671,1883,212,
5,1928,1775,-153,
5,1819,2080,261,
5,2126,1970,-156,
5,2012,1847,-165,
5,1891,1883,-8,
5,1928,2132,204,
5,2175,2168,-7,
5,2211,1957,-254,
5,1999,1735,-264,
5,1776,2148,372,
5,2191,1727,-464,
5,1770,2342,572,
5,2386,1809,-577,
5,1851,2064,213,
5,2108,2315,207,
5,2359,2159,-200,
5,2203,2297,94,
5,2339,1871,-468,
5,1913,2175,262,
5,2220,2162,-58,
5,2207,2147,-60,
5,2191,1447,-744,
5,1490,1952,462,
5,1994,2256,262,
5,2300,2036,-264,
5,2079,2240,161,
5,2283,1757,-526,
5,1798,2224,426,
5,2266,1637,-629,
5,1681,2193,512,
5,2237,1767,-470,
5,1809,1703,-106,
5,1747,2058,311,
5,2102,1524,-578,
5,1566,1827,261,
5,1868,1653,-215,
5,1693,1901,208,
5,1948,2310,362,
5,2355,1667,-688,
5,1709,2017,308,
5,2059,1534,-525,
5,1576,2209,633,
5,2252,1727,-525,
5,1772,1982,210,
5,2023,1806,-217,
5,1848,2161,313,
5,2204,1523,-681,
5,1567,2118,551,
5,2161,2159,-2,
5,2202,2036,-166,
5,2079,1499,-580,
5,1543,1950,407,
5,1990,2240,250,
5,2284,2174,-110,
5,2218,2272,54,
5,2315,1686,-629,
5,1729,2403,674,
5,2446,1961,-485,
5,2004,2098,94,
5,2142,1773,-369,
5,1814,1694,-120,
5,1737,1467,-270,
5,1511,1451,-60,
5,1494,1795,301,
5,1836,1827,-9,
5,1869,2123,254,
5,2165,2016,-149,
5,2058,2165,107,
5,2207,1779,-428,
5,1823,1767,-56,
5,1807,2175,368,
5,2219,2002,-217,
5,2045,2094,49,
5,2138,1920,-218,
5,1966,1703,-263,
5,1743,1683,-60,
5,1728,1930,202,
5,1972,2282,310,
